Sample	code_gl	Site_c	water_temp [C]	ph [pH]	do [mg l-1]	do_sat [saturation]	w_co2 [mATM]	conductivity [uS cm -1]	turb [NTU]	rdna [boolean]	lat_sn [DD]	lon_sn [DD]	ele_sn [m]	lat_sp [DD]	lon_sp [DD]	ele_sp [m]	max_el [m]	mean_el [m]	sn_sp_dist [m]	sn_sp_ele [m]	abl_asp [°]	gl_sa [km2]	gl_cov [%]	gl_a [km2]	mb_obs	fv_obs	data_ts	sn_data_ts	chla [ug g-1]	eps [ugC g-1]	ag [nmol g-1 h-1]	ap [nmol g-1 h-1]	bg [nmol g-1 h-1]	lap [nmol g-1 h-1]	nag [nmol g-1 h-1]	bp [ngC g-1 h-1]	wba [cells ml-1]	sba [cells g-1]	respiration [mg 02 g-1 h-1]	abs254 [m-1]	abs300 [m-1]	suva [mg C l-1 m-1]	e2e3 [proportion]	e4e6 [proportion]	s275295 [nm-1]	s350400 [nm-1]	s300700 [nm-1]	sr [proportion]	bix [proportion]	fi [proportion]	hix [proportion]	coble_t [RU]	coble_a [RU]	coble_m [RU]	coble_c [RU]	doc [ug l-1]	i1_na [ug l-1]	i2_k [ug l-1]	i3_mg [ug l-1]	i4_ca [ug l-1]	i5_cl [ug l-1]	i6_so4 [ug l-1]	n3_srp [ug l-1]	n4_nh4 [ug l-1]	n5_no3 [ug l-1]	n6_no2 [ug l-1]	hydro_isotope [per_mil]	oxy_isotope [per_mil]
GL100_DN	GL100	Alps	2.2	7.82	10.5	98.7	227.4	228	15.8	0	44.8836	6.2926	2342	44.8863	6.2941	2234	3363	2848	336	108	45	1.24	0.25	4.96	NA	NA	20200807	20200807	0.005498778	2.745299333	0.009975841	0.610656982	0.027045953	2.056822458	0.00175853	21.35005667	NA	7051930.513	NA	NA	NA	NA	NA	NA	NA	NA	NA	NA	NA	NA	NA	NA	NA	NA	NA	NA	1.492603	0.380248	2.154385	29.604	0.269755	74.26182	1.88	9.15	177.07	0.88	-85.0323	-12.157
GL100_UP	GL100	Alps	1.2	7.8	10.7	99.1	238.5	238	11	0	44.8836	6.2926	2342	44.8843	6.2934	2301	3363	2847	101	41	45	1.22	0.27	4.46	NA	NA	20200807	20200807	0.002038555	0.558653	0.00627445	0.275741295	0.019528177	1.91871791	0.001901128	17.73206667	NA	10682771.43	NA	2.171333333	1.773	1.097333333	1.642333333	0.966666667	0.004	0.004	0.003	1.008666667	0.872329667	1.290765	1.187575	0.013131667	0.022817	0.013158667	0.009007667	85.8	1.33346	0.43141	2.20513	30.73867	0.178815	76.34456	1.99	12.83	165.38	0.78	-85.4488	-12.1979
GL102_DN	GL102	Alps	3.9	7.74	10.5	99.6	277.7	102.9	NA	0	44.9356	6.3184	2443	44.9387	6.2986	1880	3957	2830	1612	563	270	1.96	0.21	9.44	NA	NA	20200807	20200807	0.046689555	1.437268667	0.056678927	2.396691232	0.275584399	4.365715391	0.058693155	70.618345	NA	16247420.8	NA	NA	NA	NA	NA	NA	NA	NA	NA	NA	NA	NA	NA	NA	NA	NA	NA	NA	1.04066	0.39385	1.14287	12.39071	0.27465	26.64818	2.06	12.21	202.35	0.77	-90.6374	-12.7835
GL103_DN	GL103	Nepal	5.6	7.93	7.8	100.5	NA	79.6	8.324337	0	28.2307	85.5628	4067	28.22356	85.56226	3989	7205	5340	1568	30	135	5.52	0.29	18.71892	NA	NA	20201101	20210317	0.057358444	NA	0.114317667	7.454535445	0.735470334	6.657740555	0.336609	NA	NA	1739775.743	1.56E-04	NA	NA	NA	NA	NA	NA	NA	NA	NA	NA	NA	NA	NA	NA	NA	NA	NA	2.7275	1.18	1.362	11.111	0.29	16.53	0.84	14.99	255.23	4.84	NA	NA
GL103_UP	GL103	Nepal	0.2	7.92	8.75	97.5	NA	86.2	8	1	28.2307	85.5628	4067	28.2298	85.56236	4062	7205	5340	432	3	135	5.52	0.34	16.301251	NA	NA	20201101	20210317	0.064399667	NA	0.220223444	2.550987	1.680283	2.288548889	0.864964333	38.749155	NA	1345140.525	NA	0.773333333	0.606	0.292666667	1.778333333	1.995666667	0.006	0.002	0.003	2.917	0.760147667	1.238366	3.498558	0.007102333	0.023713667	0.014811333	0.011139	115	3.005	1.2435	1.481	11.729	0.3685	18.436	0.64	13.67	255.59	4.03	NA	NA
GL104_DN	GL104	Nepal	3.4	7.725	8.09	100.5	NA	47.6	49.42677	0	28.2357	85.5772	4459	28.23195	85.57248	4197	6314	5609	943	37	180	3.97	0.67	5.926477	NA	2	20201101	20210318	0.020343222	NA	0.565887111	3.705955778	0.697531667	10.58209033	1.118144778	NA	NA	5056846.414	NA	NA	NA	NA	NA	NA	NA	NA	NA	NA	NA	NA	NA	NA	NA	NA	NA	NA	1.14	0.601	1.26	7.5765	0.071	6.638	0.85	39.26	116.8	0.64	NA	NA
GL104_UP	GL104	Nepal	0	8.088	8.55	99.2	NA	49.8	48.17423	0	28.2357	85.5772	4459	28.23401	85.57678	4369	6314	5609	103	5	180	3.97	0.68	5.805793	NA	2	20201101	20210318	0.006176666	NA	0.083276222	1.281330111	0.420396555	4.904589778	0.364082667	NA	NA	2070388.324	6.12E-05	2.538333333	1.738333333	1.067333333	2.465666667	2.222666667	0.009	0.006333333	0.006333333	1.435333333	0.902569	1.143549333	0.847940667	0.014653	0.023535	0.012585667	0.008775667	103.3333333	1.749	0.563	1.3455	8.325	0.11	7.7595	1.94	13.31	131.13	2.47	NA	NA
GL106_DN	GL106	Nepal	4	7.752	8	101.6	NA	103.8	17.40682	0	28.1922	85.6979	4534	28.20647	85.67937	4234	6942	5428	600	78	270	21.3	0.38	55.45015	NA	NA	20201101	20201101	0.091157445	NA	NA	NA	NA	NA	NA	268.7031767	NA	1325121.165	1.44E-04	NA	NA	NA	NA	NA	NA	NA	NA	NA	NA	NA	NA	NA	NA	NA	NA	NA	2.304	1.645	0.939	16.5635	0.1195	21.678	1.04	13.74	47.04	2.84	NA	NA
GL106_UP	GL106	Nepal	0.6	7.66	8.55	100.5	NA	105.8	19.39803	0	28.1922	85.6979	4534	28.19602	85.69055	4426	6942	5428	60	10	270	21.3	0.41	51.90574	NA	NA	20201101	20201101	0.004868666	NA	NA	NA	NA	NA	NA	127.27105	NA	1209572.308	4.71E-05	1.118333333	0.728666667	0.4375	2.152333333	1.873333333	0.008666667	0.002	0.003	3.818666667	0.895060333	1.320742	1.263831333	0.017128333	0.016006333	0.008759	0.005792667	72.66666667	2.4075	1.794	0.9435	16.4245	0.126	22.813	1.23	23.59	31.63	2.23	NA	NA
GL109_DN	GL109	Nepal	5.1	8.432	8.34	99.3	NA	321	14.90175	0	28.6391	84.0433	3844	28.64778	84.04729	3496	6621	4804	496	86	45	1.25	0.2	6.160531	NA	NA	20201101	20201101	5.48E-04	NA	0.029827111	3.501547222	0.118367556	17.41257444	0.071622111	31.67060033	NA	691111.1096	2.60E-05	NA	NA	NA	NA	NA	NA	NA	NA	NA	NA	NA	NA	NA	NA	NA	NA	NA	1.5205	0.5905	20.4415	35.5435	0.0805	54.01	1.68	9.73	112.14	2.15	NA	NA
GL109_UP	GL109	Nepal	1.1	8.305	9.44	101.2	NA	280	149.0836	0	28.6391	84.0433	3844	28.64621	84.04721	3543	6621	4804	146	17	45	1.25	0.21	6.000976	NA	NA	20201101	20201101	0.002014611	NA	0.022589556	3.002963	0.170509778	21.72648667	0.055119111	30.14211033	NA	375306.7564	3.70E-05	0.499666667	0.477333333	0.194333333	1.124666667	1.518333333	0.002333333	0	0.001	38.4355	1.022273667	0.649637333	1.087555667	0.009039333	0.012700667	0.005552	0.003789667	118.3333333	1.3045	0.616	16.9655	37.684	0.055	59.536	1.23	9.89	103.3	2.7	NA	NA
GL111_DN	GL111	Nepal	0	8.343	7.9	99.3	NA	821	7.572816	0	28.7789	83.9539	5110	28.78457	83.96045	5003	6308	5544	595	116	45	1.52	0.37	4.059321	NA	NA	20201101	20210409	0.008768333	NA	0.162358111	11.98060733	0.287311333	43.30881333	0.139455333	69.40095667	NA	16562739.97	4.53E-05	NA	NA	NA	NA	NA	NA	NA	NA	NA	NA	NA	NA	NA	NA	NA	NA	NA	3.8	2.1195	40.9745	131.444	0.1505	359.4805	1.65	94.57	47.28	1.29	NA	NA
GL114_DN	GL114	Nepal	2.6	8.244	7.52	99.2	NA	547	6.130794	0	28.7729	83.9963	4988	28.77479	83.99102	4864	6248	5635	257	235	315	2.34	0.66	3.523876	NA	NA	20201101	20210412	4.81E-05	NA	0.014609111	2.519870778	0.028583222	3.564350555	0.002321333	63.92832333	NA	2997884.427	3.53E-05	NA	NA	NA	NA	NA	NA	NA	NA	NA	NA	NA	NA	NA	NA	NA	NA	NA	0.894	0.133	5.063	13.8175	0.0245	31.8875	1.15	14.12	74.39	0.94	NA	NA
GL114_UP	GL114	Nepal	1.9	8.262	7.72	100.2	NA	593	4.300166	0	28.7729	83.9963	4988	28.77362	83.99507	4884	6248	5635	42	94	315	2.34	0.73	3.204314	NA	NA	20201101	20210412	4.47E-04	NA	0.011015889	3.078260667	0.018750333	8.260638999	0.005181667	60.71191167	NA	3369525.833	8.17E-05	0.479	0.430666667	0.057	1.245333333	1.747	0.004	0	0.001666667	16.73033333	0.827153	2.912017667	2.653637333	0.004572	0.010692667	0.005137667	0.003717	67.665	3.1465	0.8765	27.558	84.001	0.119	194.628	1.54	11.54	87.17	1.84	NA	NA
GL115_DN	GL115	Nepal	7.6	7.776	7.1	100.8	NA	25.8	2.784277	0	27.8311	86.8343	4622	27.84686	86.82095	4425	6382	5421	706	262	315	6.5	0.24	26.56523	NA	NA	20201113	20201113	0.237385111	NA	1.022615	6.930752889	2.244734111	21.51632222	1.614145333	NA	NA	2929913.571	NA	NA	NA	NA	NA	NA	NA	NA	NA	NA	NA	NA	NA	NA	NA	NA	NA	NA	2.064	0.5255	0.761	3.4405	0.062	3.5645	5.77	10.11	83.35	0.73	NA	NA
GL115_UP	GL115	Nepal	0.7	7.6	8.28	99.3	NA	26.2	23.76585	0	27.8311	86.8343	4622	27.8352	86.82957	4528	6382	5421	681	104	315	6.5	0.28	23.54772	NA	NA	20201113	20201113	0.058140667	NA	0.392819333	1.988554444	1.255194444	13.13947578	0.706262889	NA	NA	3846171.319	NA	2.577	1.775333333	0.327	2.355	2.064666667	0.009333333	0.005666667	0.005666667	1.606333333	0.841095667	1.335777	1.867520333	0.030798667	0.046212333	0.030290333	0.022004333	286.89	1.2245	0.604	0.774	4.0435	0.0655	3.8045	0.98	26.07	148.69	1.46	NA	NA
GL116_DN	GL116	Nepal	2.3	7.848	7.82	100.4	NA	37.8	58.64414	0	27.9014	86.8792	4818	27.90361	86.8726	4732	7947	5585	1736	295	225	10.44	0.45	23.2138	NA	1	20201113	20210428	0.015900889	NA	0.206748222	1.482235667	6.907060665	12.51978334	0.154529778	NA	NA	1117557.911	NA	NA	NA	NA	NA	NA	NA	NA	NA	NA	NA	NA	NA	NA	NA	NA	NA	NA	0.7085	0.6435	0.753	6.888	0.032	2.5615	1.37	14.95	115.6	0.15	NA	NA
GL116_UP	GL116	Nepal	0.7	9.106	7.87	97	NA	35.1	67.8294	1	27.9014	86.8792	4818	27.90124	86.87882	4815	7947	5585	842	108	225	10.44	0.46	22.91007	NA	1	20201113	20210428	0.033912556	NA	0.059882778	0.54726	0.243140111	6.677700778	0.099477889	273.49715	NA	1025600.007	5.89E-05	3.354333333	2.203666667	0.729	2.66	2.158	0.010333333	0.006666667	0.007	1.517666667	1.072606	1.429391333	0.663457	0.027322667	0.029147333	0.019333667	0.011274	183.6666667	0.6275	0.5835	0.698	6.4655	0.032	1.988	1.01	13.02	112.02	1.17	NA	NA
GL117_DN	GL117	Nepal	1.1	8.177	7.39	95.7	NA	59.8	23.31622	0	27.9153	86.8665	4996	27.91094	86.86544	4966	7669	5582	2464	300	180	4.95	0.34	14.38407	NA	1	20201113	20210429	0.010294778	NA	0.015237889	0.219873778	0.039136	1.919513778	0.006623	231.0944483	NA	2515622.167	1.20E-05	NA	NA	NA	NA	NA	NA	NA	NA	NA	NA	NA	NA	NA	NA	NA	NA	NA	1.7885	1.173	0.6745	9.9845	0.051	6.54	0.8	14.95	119.66	0.57	NA	NA
GL117_UP	GL117	Nepal	1.5	8.396	7.67	98.8	NA	59	20.87538	0	27.9153	86.8665	4996	27.9115	86.86557	4973	7669	5582	523	173	180	4.95	0.35	14.35736	NA	1	20201113	20210429	0.014553778	NA	0.129184889	0.893504445	0.092557111	17.027757	0.112488667	184.0167617	NA	1386918.954	4.58E-05	2.677	1.805666667	0.870666667	2.475666667	2.131	0.009666667	0.005666667	0.005666667	1.708666667	1.859257667	1.321837667	0.622803	0.037383667	0.024237667	0.022139	0.008390333	132.5566667	1.775	1.148	0.673	9.872	0.0475	6.537	0.97	12.96	115.24	4.95	NA	NA
GL119_DN	GL119	Nepal	5.4	7.769	7.6	101.2	NA	67.5	29.86795	1	27.9141	86.7999	4404	27.9122	86.80112	4367	6451	5193	660	557	45	1.67	0.3	5.490192	NA	NA	20201113	20201113	0.519547222	NA	1.427817	25.41609833	5.029779223	36.54984333	9.700547001	131.2067	NA	3172675.372	3.72E-04	NA	NA	NA	NA	NA	NA	NA	NA	NA	NA	NA	NA	NA	NA	NA	NA	NA	1.6285	0.9385	1.17	9.851	0.0735	15.3375	1.02	21.46	120.98	1.21	NA	NA
GL119_UP	GL119	Nepal	4.6	6.96	6.94	91	NA	67.9	38.76416	0	27.9141	86.7999	4404	27.91355	86.80015	4391	6451	5193	219	422	45	1.67	0.35	4.787129	NA	NA	20201113	20201113	0.344210778	NA	2.888234555	26.99227	4.893981556	10.44327645	1.461951333	138.7588317	NA	900459.4458	4.50E-04	1.803	1.382333333	0.708666667	1.845	1.919666667	0.006333333	0.003666667	0.004	1.647333333	0.79257	1.408599	3.344812667	0.007231667	0.025288	0.014294667	0.012018667	110.6666667	1.6505	0.9705	1.185	9.9505	0.074	15.206	1.36	17.17	116.32	0.51	NA	NA
GL11_Down	GL11	New_Zealand	5.4	10.18	10.7	99.7	390.3	19	1.9	0	-44.465	168.624	1713	-44.4689	168.6193	1486	2164	1968	571	227	225	0.43	0.56	0.76	NA	NA	20190328	20190301	0.026118444	0.220839667	0.284486455	3.016679472	0.960323976	13.08590965	0.360414517	69.76486	NA	79958722.1	1.04E-04	NA	NA	NA	NA	NA	NA	NA	NA	NA	NA	NA	NA	NA	NA	NA	NA	NA	NA	NA	NA	NA	NA	NA	NA	NA	NA	NA	NA	NA
GL11_UP	GL11	New_Zealand	2.9	10.18	11.1	98.9	386.9	14.5	4.1	0	-44.465	168.624	1713	-44.4673	168.6216	1587	2164	1968	320	126	225	0.43	0.63	0.68	NA	NA	20190328	20190301	0.010440222	0.014903333	0.165830512	1.861861636	0.929044322	7.874954762	0.341105119	10.32189033	NA	73909671.37	1.20E-04	0.773	0.487333333	0.376	3.071	4.867	0.011666667	0.009666667	0.01	1.169666667	0.813040667	1.046118	0.611363	0.011475	0.01231	0.006484667	0.004717	89.23333333	NA	NA	NA	NA	NA	NA	6.1	27.3	7.6	NA	-55.5302	-8.62352
GL121_DN	GL121	Kyrgyzstan	3.4	8.187	9.04	99.9	NA	63.3	18.62724	0	42.50505	74.50538	3339	42.5095	74.5014	3267	4566	3971	615	72	180	4.69	0.34	13.82693	NA	NA	20210727	20210720	0.036787	NA	0.747209111	3.148174667	2.165012222	37.39678778	0.528994	NA	NA	54069989.38	NA	NA	NA	NA	NA	NA	NA	NA	NA	NA	NA	NA	NA	NA	NA	NA	NA	NA	NA	NA	NA	NA	NA	NA	1.74	16.21	519.32	15.28	NA	NA
GL121_UP	GL121	Kyrgyzstan	1.7	8.3	9.27	99	NA	63.5	20.07248	0	42.50505	74.50538	3339	42.5056	74.5048	3334	4566	3971	78	5	180	4.69	0.35	13.39017	NA	NA	20210727	20210720	0.003595889	NA	0.022188222	0.129833667	0.068435889	2.485916334	0.024271389	152.9940783	NA	6629465.29	NA	2.555666667	1.711	0.406666667	2.670333333	2.086	0.009666667	0.006	0.006666667	1.602666667	2.10965	1.457091667	0.537148667	0.147095667	0.052725	0.054963	0.020476667	270.89	1.124	0.478	0.9785	11.6695	0.243	2.494	1.17	20.76	538.55	43.4	NA	NA
GL122_DN	GL122	Kyrgyzstan	0.7	8.035	9.68	100.4	NA	15.9	192.7618	0	42.47549	74.48291	3371	42.4778	74.4816	3288	4375	3889	284	83	180	5.33	0.61	8.700598	36	30	20210727	20210727	0.036369889	NA	0.166969666	1.429524111	0.245782778	7.569885777	0.175341667	45.4189925	NA	9137224.604	NA	NA	NA	NA	NA	NA	NA	NA	NA	NA	NA	NA	NA	NA	NA	NA	NA	NA	1.554	0.1935	0.5995	4.5305	0.1755	1.0305	2.55	18.05	172.7	46.14	NA	NA
GL122_UP	GL122	Kyrgyzstan	0.3	8.927	9.68	99.8	NA	30.2	375.1823	0	42.47549	74.48291	3371	42.4755	74.4829	3371	4375	3889	3	0	180	5.33	0.64	8.278834	36	30	20210727	20210727	0.011235778	NA	0.03223	0.939585556	0.059867778	6.690505222	0.152698333	98.83137	NA	2165821.93	NA	9.747	7.144333333	1.279333333	2.419	2.579333333	0.008	0.008666667	0.008	0.950666667	1.398299	1.658748333	0.534431333	0.068862667	0.042278	0.031294667	0.018420667	411.11	1.4345	0.177	0.6405	5.751	0.139	1.236	2.68	14.48	259.65	18.37	NA	NA
GL124_UP	GL124	Kyrgyzstan	0.5	9.819	9.54	100	NA	16.2	506.8591	0	42.43821	74.4596	3513	42.4383	74.4595	3514	4133	3817	10	-1	135	1.48	0.74	2.013706	NA	NA	20210727	20210727	0.140905555	NA	0.235924555	4.206685222	0.620968222	16.39366789	0.309688889	147.7075133	NA	41408446.48	NA	8.052	5.514	1.733	2.669333333	2.324666667	0.01	0.008333333	0.008	1.156666667	1.411208333	1.503076333	0.439405	0.116175	0.051777	0.036012667	0.021669	201.5	0.6275	0.9125	0.506	3.4025	0.052	0.121	2.44	18.09	4.76	0.78	NA	NA
GL126_DN	GL126	Kyrgyzstan	4	8.708	8.36	100.4	NA	101.6	464.7868	0	39.47114	72.89675	4020	39.4818	72.8957	3824	4743	4327	1280	196	45	1.15	0.38	3.005052	NA	NA	20200816	20210731	0.004033556	NA	0.039870333	1.845574778	0.433764	28.90276111	0.038532	41.33854	NA	14254021.05	NA	NA	NA	NA	NA	NA	NA	NA	NA	NA	NA	NA	NA	NA	NA	NA	NA	NA	0.737	0.383	2.573	35.4335	0.137	61.688	3.53	16.1	166.96	5.07	NA	NA
GL127_UP	GL127	Kyrgyzstan	0.25	8.204	9.02	99.9	NA	997	5.732552	0	39.43454	72.88872	4232	39.4419	72.8983	3970	4700	4462	1192	262	270	1.03	0.26	4.031847	NA	NA	20200816	20200816	0.031573222	NA	0.294302445	4.834869	2.263889555	98.89241334	0.314183111	NA	NA	13537070.19	NA	0.296333333	0.325666667	0.129666667	1.133333333	1.948333333	0	0	0.002	0	1.232030333	0.939866667	0.703508	0.034144333	0.021667	0.012430333	0.006995333	99.44666667	1.6415	1.3845	17.0055	227.331	0.3345	545.424	0.91	17.95	447.05	4.02	NA	NA
GL12_Down	GL12	New_Zealand	7	9.83	11.4	101.8	424.7	41.7	8.2	0	-44.4694	168.7206	1369	-44.4803	168.7265	717	2582	2070	1367	652	225	1.97	0.78	2.52	NA	NA	20190328	20190301	0.002828	0.097001333	0.026893196	0.387543431	0.0769085	2.593962082	0.033550947	12.071675	NA	13046793.37	5.09E-05	NA	NA	NA	NA	NA	NA	NA	NA	NA	NA	NA	NA	NA	NA	NA	NA	NA	NA	NA	NA	NA	NA	NA	NA	NA	NA	NA	NA	NA
GL12_DownB	GL12	New_Zealand	7	9.83	11.4	101.8	424.7	41.7	8.2	0	-44.4694	168.7206	1369	-44.4803	168.7265	717	2582	2070	1367	652	225	1.97	0.78	2.52	NA	NA	20190328	20190301	0.002828	0.097001333	0.026893196	0.387543431	0.0769085	2.593962082	0.033550947	12.071675	NA	13046793.37	5.09E-05	NA	NA	NA	NA	NA	NA	NA	NA	NA	NA	NA	NA	NA	NA	NA	NA	NA	NA	NA	NA	NA	NA	NA	NA	NA	NA	NA	NA	NA
GL12_Up	GL12	New_Zealand	6.6	9.83	11.4	101.3	417.5	66.7	9.9	0	-44.4694	168.7206	1369	-44.4758	168.7268	749	2582	2070	864	620	225	1.97	0.8	2.48	NA	NA	20190328	20190301	0.002734556	0	0.012311805	0.331141152	0.042393514	2.075619329	0.016750137	NA	NA	14026392.18	6.13E-05	0.606333333	0.368333333	0.268666667	3.374	3.916	0.012333333	0.01	0.010333333	1.187333333	0.747935667	1.058291	1.861802	0.010067	0.012907	0.007307333	0.005367667	98.33333333	NA	NA	NA	NA	NA	NA	6.2	1.5	21.3	NA	-55.2029	-8.75139
GL130_DN	GL130	Kyrgyzstan	3	8.655	8.71	100.6	NA	72	446.4805	0	41.8242	78.15469	3841	41.8313	78.1378	3721	4739	4239	1644	120	225	5.11	0.53	9.627045	5	3	20210726	20210726	0.020517	NA	0.208834778	3.610565111	0.470991889	36.89463556	0.134686556	48.08412033	NA	25270127.58	8.13E-05	NA	NA	NA	NA	NA	NA	NA	NA	NA	NA	NA	NA	NA	NA	NA	NA	NA	0.892	0.4505	2.6945	10.5605	0.3825	8.579	3.25	14.59	90.16	1.25	NA	NA
GL130_UP	GL130	Kyrgyzstan	4.7	8.333	8.17	100.2	NA	330	269.1986	0	41.8242	78.15469	3841	41.8245	78.1545	3838	4739	4239	41	3	225	5.1	0.7	7.292166	5	3	20210726	20210726	0.053683333	NA	0.123755778	4.419224667	0.247170444	15.97857289	0.114878444	15.48308183	NA	5931344.477	9.47E-05	7.499333333	6.397	1.354	2.132333333	2.412666667	0.006666667	0.006333333	0.006	0.916333333	5.095969667	1.701243	0.239271333	0.288828	0.082396667	0.144561333	0.016753667	249.7766667	1.338	1.0195	6.621	16.6155	0.625	24.1065	3.12	14.95	220.95	2.07	NA	NA
GL132_DN	GL132	Kyrgyzstan	2.5	8.29	8.71	101	NA	75.2	206.2506	0	41.80019	78.13431	3891	41.8034	78.1293	3822	4571	4188	560	69	315	1.83	0.5	3.628939	NA	NA	20210726	20210726	0.231005	NA	0.475086778	13.52460744	0.546874778	37.63823333	0.380402444	19.97670167	NA	24348563.76	1.09E-04	NA	NA	NA	NA	NA	NA	NA	NA	NA	NA	NA	NA	NA	NA	NA	NA	NA	0.9895	0.329	2.8345	12.0895	0.4785	4.801	1.61	23.36	178.31	0.57	NA	NA
GL132_UP	GL132	Kyrgyzstan	1.5	8.536	8.36	95	NA	170	21.87099	0	41.80019	78.13431	3891	41.8009	78.1335	3869	4571	4188	97	22	315	1.83	0.57	3.190431	NA	NA	20210726	20210726	0.089926667	NA	0.494595555	5.908776222	0.629957222	29.78614256	0.277169111	NA	NA	37728948.58	3.01E-05	2.075666667	1.428333333	0.258	2.528666667	3.308	0.009	0.008333333	0.007	1.116333333	2.385880333	1.43997	0.656377	0.110135333	0.048244	0.064179	0.021344333	349.6666667	1.2785	0.425	4.013	14.355	0.718	5.616	0.96	32.1	308.98	0.87	NA	NA
GL133_DN	GL133	Kyrgyzstan	4	8.5	8.32	100.5	NA	74.6	80.29053	1	41.88792	77.68787	3899	41.8901	77.6894	3796	4409	4182	278	103	225	0.52	0.59	0.883257	NA	NA	20210726	20210726	0.342133889	NA	0.238699111	7.81185411	0.403703555	32.49700778	0.303858222	50.54740667	NA	33769259.2	NA	NA	NA	NA	NA	NA	NA	NA	NA	NA	NA	NA	NA	NA	NA	NA	NA	NA	0.9835	0.2015	1.4895	13.55	0.42	4.1425	3.02	12.54	335.97	6.54	NA	NA
GL133_UP	GL133	Kyrgyzstan	0.1	9.145	8.75	96.5	NA	84.9	39.02109	0	41.88792	77.68787	3899	41.8879	77.6879	3899	4409	4182	1	0	225	0.52	0.69	0.746546	NA	NA	20210726	20210726	1.635792445	NA	4.968693	76.38024	6.027981778	209.26682	1.954827	37.85470317	NA	60638361.62	NA	3.228	2.255333333	1.153333333	2.330666667	2.009666667	0.008333333	0.006	0.006333333	1.413666667	1.61663	1.698170333	0.754237333	0.031463667	0.024019333	0.019893667	0.011371667	124.6633333	1.228	0.2585	2.526	13.0495	0.465	7.4865	2.94	24.51	375.27	3.62	NA	NA
GL135_DN	GL135	Kyrgyzstan	0.6	8.61	8.99	99.6	NA	164.9	5.421024	0	41.79839	77.7495	3925	41.7995	77.75	3900	4471	4207	133	25	180	0.99	0.58	1.701388	15	17	20210726	20210726	0.774808222	NA	0.950371222	53.98300778	1.704839556	110.3317045	0.780497111	NA	NA	33969958.54	NA	NA	NA	NA	NA	NA	NA	NA	NA	NA	NA	NA	NA	NA	NA	NA	NA	NA	1.447	0.142	2.761	27.7505	0.9785	25.94	0.94	16.92	664.8	3.31	NA	NA
GL135_UP	GL135	Kyrgyzstan	0.4	8.552	8.72	95.9	NA	180.1	4.303377	0	41.79839	77.7495	3925	41.7985	77.7495	3925	4471	4207	9	0	180	0.99	0.63	1.56763	15	17	20210726	20210726	0.642725445	NA	1.787029222	71.87055444	2.122523222	142.9523644	0.907105444	73.44404833	NA	51186945.64	NA	0.827333333	0.565333333	0.09	2.87	3.153333333	0.008666667	0.008	0.006666667	1.067	1.044635	1.466304667	1.176646	0.048125	0.035112	0.025892	0.02498	398.6666667	1.488	0.1565	3.0975	29.7925	1.115	35.4035	0.63	27.84	574.74	1.46	NA	NA
GL137_UP	GL137	Kyrgyzstan	0.2	8.6	9.14	100.7	NA	160.9	8.558786	0	41.79245	77.73531	3958	41.7925	77.7353	3958	4482	4178	2	0	0	0.88	0.42	2.089553	NA	NA	20210726	20210726	0.041273111	NA	1.833974333	64.78665889	2.783986445	139.6908489	0.982770445	24.58466333	NA	35664780.63	3.35E-04	1.072666667	0.689	0.106666667	2.942333333	2.689	0.010333333	0.008333333	0.006666667	1.259666667	1.002763667	1.610693	1.731609667	0.028248	0.043667	0.026316333	0.020698	437.6666667	1.1595	0.152	2.4005	20.7645	0.8365	9.142	0.44	85.56	420.3	2.3	NA	NA
GL139_DN	GL139	Kyrgyzstan	11.5	8.515	6.98	100.9	NA	253	3.349523	0	41.81778	77.79695	4041	41.8245	77.7927	3813	4380	4261	887	228	315	0.14	0.35	0.39	NA	NA	20210726	20210726	0.029773556	NA	0.304705222	4.900702778	0.847526667	55.34522889	0.227316445	93.30996667	NA	46913182.96	1.76E-04	NA	NA	NA	NA	NA	NA	NA	NA	NA	NA	NA	NA	NA	NA	NA	NA	NA	2.01	0.564	3.097	43.584	1.794	45.579	1.29	19.82	496.62	1.88	NA	NA
GL139_UP	GL139	Kyrgyzstan	1.9	8.848	8.65	100.5	NA	146.6	2.626907	0	41.81778	77.79695	4041	41.8182	77.7974	4014	4380	4261	59	27	315	0.14	0.78	0.17303	NA	NA	20210726	20210726	0.157747333	NA	0.449383889	11.98170467	0.925167778	55.97410222	0.366132889	78.52231833	NA	34106240.9	9.75E-05	0.809	0.541	0.099666667	2.948	5.2	0.009	0.007	0.008	1.321	0.990385	1.454964667	2.873676	0.022323333	0.04506	0.031540667	0.022153	355	1.778	0.345	2.0275	23.4035	1.526	10.3555	1.08	14.21	497.7	0.57	NA	NA
GL13_Down	GL13	New_Zealand	0.9	6.7	11.9	100.6	406.8	6.9	4.5	0	-44.0818	169.4317	1708	-44.0838	169.4305	1655	2390	1956	241	53	225	1.81	0.53	3.41	15	35	20190328	20190107	0.008251555	0	0.178460886	1.822026299	0.574264158	4.96487524	0.191684779	36.18690333	NA	64181965.8	2.94E-05	NA	NA	NA	NA	NA	NA	NA	NA	NA	NA	NA	NA	NA	NA	NA	NA	NA	NA	NA	NA	NA	NA	NA	NA	NA	NA	NA	NA	NA
GL13_DownB	GL13	New_Zealand	0.9	6.7	11.9	100.6	406.8	6.9	4.5	0	-44.0818	169.4317	1708	-44.0838	169.4305	1655	2390	1956	241	53	225	1.81	0.53	3.41	15	35	20190328	20190107	0.008251555	0	0.178460886	1.822026299	0.574264158	4.96487524	0.191684779	36.18690333	NA	64181965.8	2.94E-05	NA	NA	NA	NA	NA	NA	NA	NA	NA	NA	NA	NA	NA	NA	NA	NA	NA	NA	NA	NA	NA	NA	NA	NA	NA	NA	NA	NA	NA
GL13_Up	GL13	New_Zealand	0.7	6.76	11.6	98.1	411.6	9.3	4.9	0	-44.0818	169.4317	1708	-44.0819	169.4317	1699	2390	1956	18	9	225	1.81	0.57	3.2	15	35	20190328	20190107	0.017231667	0.269350667	0.207538286	1.966362224	0.66231858	4.515394158	0.389936037	44.54615167	NA	69827257.9	2.20E-04	0.916	0.621333333	0.544	2.567666667	2.798	0.009666667	0.007666667	0.007666667	1.298333333	1.958453	0.971279667	0.356869	0.122297667	0.062066667	0.046981667	0.004442667	73.56666667	NA	NA	NA	NA	NA	NA	6.8	2.9	9.6	NA	-55.3737	-8.78726
GL13_UpB	GL13	New_Zealand	0.7	6.76	11.6	98.1	411.6	9.3	4.9	0	-44.0818	169.4317	1708	-44.0819	169.4317	1699	2390	1956	18	9	225	1.81	0.57	3.2	15	35	20190328	20190107	0.017231667	0.269350667	0.207538286	1.966362224	0.66231858	4.515394158	0.389936037	44.54615167	NA	69827257.9	2.20E-04	0.916	0.621333333	0.544	2.567666667	2.798	0.009666667	0.007666667	0.007666667	1.298333333	1.958453	0.971279667	0.356869	0.122297667	0.062066667	0.046981667	0.004442667	73.56666667	NA	NA	NA	NA	NA	NA	6.8	2.9	9.6	NA	-55.3737	-8.78726
GL140_4	GL140	Uganda	0.8	6.5	8.37	102.8	NA	9.7	6.1	0	0.3757	29.8781	4742	0.3755	29.8788	4722	4826	4781	86	20	90	0.03	0.91	0.04	NA	NA	20190128	20190128	1.634289444	NA	9.048456001	130.4020333	221.5231644	23.48137033	44.60754889	NA	NA	NA	NA	NA	NA	NA	NA	NA	NA	NA	NA	NA	NA	NA	NA	NA	NA	NA	NA	NA	0.613	0.21	0.5355	1.678	0.1265	1.405	0.75	14.78	167.79	1.94	NA	NA
GL140_5	GL140	Uganda	0.8	6.5	8.37	102.8	NA	9.7	6.1	0	0.3757	29.8781	4742	0.3755	29.8788	4722	4826	4781	86	20	90	0.03	0.91	0.04	NA	NA	20190128	20190128	1.634289444	NA	9.048456001	130.4020333	221.5231644	23.48137033	44.60754889	NA	NA	NA	NA	NA	NA	NA	NA	NA	NA	NA	NA	NA	NA	NA	NA	NA	NA	NA	NA	NA	0.613	0.21	0.5355	1.678	0.1265	1.405	0.75	14.78	167.79	1.94	NA	NA
GL140_6	GL140	Uganda	0.8	6.5	8.37	102.8	NA	9.7	6.1	0	0.3757	29.8781	4742	0.3755	29.8788	4722	4826	4781	86	20	90	0.03	0.91	0.04	NA	NA	20190128	20190128	1.634289444	NA	9.048456001	130.4020333	221.5231644	23.48137033	44.60754889	NA	NA	NA	NA	NA	NA	NA	NA	NA	NA	NA	NA	NA	NA	NA	NA	NA	NA	NA	NA	NA	0.613	0.21	0.5355	1.678	0.1265	1.405	0.75	14.78	167.79	1.94	NA	NA
GL140_1	GL140	Uganda	0.4	6.944	8.15	98.8	NA	10.4	8.42	1	0.3757	29.8781	4742	0.3758	29.8785	4724	4826	4781	43	18	90	0.03	0.91	0.04	NA	NA	20190128	20190128	0.381971445	NA	2.623058222	25.08109	63.09419301	6.784686333	3.577829778	40.32190333	NA	NA	NA	2.292666667	1.499	0.214	2.768333333	3.354333333	0.010666667	0.009666667	0.008	1.117666667	0.661817333	1.156802667	2.356573	0.032682667	0.065125667	0.044229333	0.033417333	474	0.578	0.225	0.5395	1.726	0.085	1.517	0.95	9.45	176.61	2.88	NA	NA
GL140_2	GL140	Uganda	0.4	6.944	8.15	98.8	NA	10.4	8.42	1	0.3757	29.8781	4742	0.3758	29.8785	4724	4826	4781	43	18	90	0.03	0.91	0.04	NA	NA	20190128	20190128	0.381971445	NA	2.623058222	25.08109	63.09419301	6.784686333	3.577829778	40.32190333	NA	NA	NA	2.292666667	1.499	0.214	2.768333333	3.354333333	0.010666667	0.009666667	0.008	1.117666667	0.661817333	1.156802667	2.356573	0.032682667	0.065125667	0.044229333	0.033417333	474	0.578	0.225	0.5395	1.726	0.085	1.517	0.95	9.45	176.61	2.88	NA	NA
GL140_3	GL140	Uganda	0.4	6.944	8.15	98.8	NA	10.4	8.42	1	0.3757	29.8781	4742	0.3758	29.8785	4724	4826	4781	43	18	90	0.03	0.91	0.04	NA	NA	20190128	20190128	0.381971445	NA	2.623058222	25.08109	63.09419301	6.784686333	3.577829778	40.32190333	NA	NA	NA	2.292666667	1.499	0.214	2.768333333	3.354333333	0.010666667	0.009666667	0.008	1.117666667	0.661817333	1.156802667	2.356573	0.032682667	0.065125667	0.044229333	0.033417333	474	0.578	0.225	0.5395	1.726	0.085	1.517	0.95	9.45	176.61	2.88	NA	NA
GL14_Down	GL14	New_Zealand	4.9	6.23	11.4	100.1	428.9	4.5	0	0	-44.7543	167.9833	1338	-44.7571	167.9865	1071	1991	1792	402	267	135	0.3	0.26	1.15	NA	NA	20190328	20181231	0.071120667	0.433130333	0.358850588	3.031825119	0.346977176	1.877420559	0.311487779	57.86798833	NA	44215539.23	9.32E-05	NA	NA	NA	NA	NA	NA	NA	NA	NA	NA	NA	NA	NA	NA	NA	NA	NA	NA	NA	NA	NA	NA	NA	NA	NA	NA	NA	NA	NA
GL14_Up	GL14	New_Zealand	3.4	6.41	11.8	100.2	401.3	4.5	0	0	-44.7543	167.9833	1338	-44.7565	167.9857	1096	1991	1792	309	242	135	0.3	0.32	0.93	NA	NA	20190328	20181231	0.149955333	1.588304	0.404227503	5.200010901	0.711651578	2.683187236	0.378842661	41.86022	NA	57520858.6	1.14E-04	0.573666667	0.343333333	0.224666667	3.802666667	3.139666667	0.012666667	0.012	0.011666667	1.093666667	0.526567667	1.007903667	1.255965667	0.010823667	0.015214667	0.007645333	0.007103	108.7666667	NA	NA	NA	NA	NA	NA	5.8	25.4	8.2	NA	-48.7501	-8.0227
GL15_Down	GL15	New_Zealand	1.6	6.6	12	99.1	429.3	10.5	1.2	0	-44.6121	168.0221	1316	-44.6121	168.0214	1259	2716	1987	57	57	225	1.6	0.65	2.46	NA	NA	20190328	20190219	0.035723778	NA	0.049454939	1.056032332	0.381806341	1.016369447	0.161057549	NA	NA	9696223.133	NA	NA	NA	NA	NA	NA	NA	NA	NA	NA	NA	NA	NA	NA	NA	NA	NA	NA	NA	NA	NA	NA	NA	NA	NA	NA	NA	NA	NA	NA
GL15_Up	GL15	New_Zealand	1.4	6.47	11.9	98.4	410.7	10.4	0.8	0	-44.6121	168.0221	1316	-44.6121	168.0218	1288	2716	1987	27	28	225	1.6	0.65	2.46	NA	NA	20190328	20190219	0.003274889	0	0.031170216	0.624768824	0.296752116	1.099943619	0.054278475	49.78877333	NA	8985885.81	NA	0.57	0.352666667	0.323	3.425	6.782	0.011666667	0.011666667	0.011333333	1.035666667	0.451441667	0.919235667	0.803386	0.006232333	0.009441	0.004361	0.003922333	82.1	NA	NA	NA	NA	NA	NA	9.1	24.5	37.7	NA	-60.3025	-9.44674
GL16_Down	GL16	New_Zealand	4.9	7.8	11	99.9	424.6	97.5	0.4	0	-43.7869	170.0587	1926	-43.7946	170.0674	1206	2320	2133	1164	720	135	0.15	0.07	1.95	NA	NA	20190201	20190201	0.046553889	0	0.199686872	2.716430508	0.860418852	15.2706195	1.061285518	58.20326333	NA	13088743.59	3.53E-05	NA	NA	NA	NA	NA	NA	NA	NA	NA	NA	NA	NA	NA	NA	NA	NA	NA	NA	NA	NA	NA	NA	NA	NA	NA	NA	NA	NA	NA
GL16_UP	GL16	New_Zealand	5.7	7.82	10.6	99	438.8	95.8	0.7	0	-43.7869	170.0587	1926	-43.794	170.0643	1320	2320	2133	907	606	135	0.15	0.1	1.44	NA	NA	20190201	20190201	0.057748556	0	0.191173971	2.033345458	0.670091347	12.62623098	0.38223431	98.78909167	NA	20628334.76	9.27E-05	2.121	1.8405	0.8355	1.765	1.298	0.0065	0.004	0.003	1.494	0.629205667	0.831201	0.914335	0.014116	0.014552333	0.006698	0.005841333	127.9	NA	NA	NA	NA	NA	NA	5.5	20.2	17.3	NA	-67.9697	-10.1381
GL17_Down	GL17	New_Zealand	6.9	7.6	10.4	97	435.7	26	16.7	0	-43.6853	170.0768	1628	-43.6936	170.0849	1006	2293	1948	1145	622	135	0.49	0.43	1.13	NA	60	20190201	20190201	0.002238	0	0.055934107	0.525938172	0.174824143	2.24744441	0.061212919	110.1082167	NA	5802655.417	3.04E-05	NA	NA	NA	NA	NA	NA	NA	NA	NA	NA	NA	NA	NA	NA	NA	NA	NA	NA	NA	NA	NA	NA	NA	NA	NA	NA	NA	NA	NA
GL17_Up	GL17	New_Zealand	5.9	7.47	10.7	99.9	430.7	21.2	23	0	-43.6853	170.0768	1628	-43.6891	170.0822	1236	2293	1948	598	392	135	0.47	0.6	0.78	NA	60	20190201	20190201	0.002663889	0	0.04220549	0.635354551	0.148088085	1.866304331	0.035900598	87.470645	NA	6281695.903	1.01E-04	2.702	1.794	1.287666667	2.690666667	2.635666667	0.009666667	0.008	0.008	1.209333333	1.293301	1.473486	0.326983667	0.030759667	0.017587	0.008664667	0.005414333	90.66666667	NA	NA	NA	NA	NA	NA	5.6	23.8	8.5	NA	-53.035	-8.58547
GL22_DN	GL22	Alps	4.7	8.93	10	102.1	NA	163	140.3	0	45.916	7.2673	2459	45.9208	7.257	2387	3722	3143	973	72	45	1.97	0.24	8.12	NA	120	2019	2019	0.015454556	3.392053333	0.045781051	2.731607609	0.482218796	14.79038484	0.240060977	NA	NA	NA	NA	NA	NA	NA	NA	NA	NA	NA	NA	NA	NA	NA	NA	NA	NA	NA	NA	NA	NA	NA	NA	NA	NA	NA	1.28	38.94	199.48	1.57	NA	NA
GL22_UP	GL22	Alps	0.2	9.24	10.7	96	NA	120.3	235.3	0	45.916	7.2673	2459	45.9166	7.2669	2441	3722	3143	76	18	45	1.97	0.43	4.58	NA	120	2019	2019	0.002606845	2.988920667	0.006042484	0.572694232	0.020121403	4.434816537	0.007318889	NA	NA	NA	6.94E-05	NA	NA	NA	NA	NA	NA	NA	NA	NA	NA	NA	NA	NA	NA	NA	NA	201.1	1.094925	1.17069	2.26644	15.74157	1.34423	30.10875	2.04	51.06	215.49	2.61	-102.688	-14.5062
GL24_DN	GL24	Alps	1.9	8.45	10.5	100.5	72.6	77	93.7	0	46.0014	7.6508	2322	46.003	7.6573	2247	4012	3019	536	75	45	14.58	0.53	27.29	NA	61	2017	2017	0.028085667	2.668629667	0.046932026	0.615045273	0.168421414	5.756735406	0.044608676	NA	NA	23566668.83	3.91E-05	NA	NA	NA	NA	NA	NA	NA	NA	NA	NA	NA	NA	NA	NA	NA	NA	NA	0.498975	0.484575	0.72057	9.83118	0.13843	13.79378	0.99	17.92	170.71	1.4	-111.627	-15.3831
GL24_UP	GL24	Alps	0	8.83	10.8	98.6	20.4	75	104.3	0	46.0014	7.6508	2322	46.0016	7.6511	2317	4012	3023	31	5	45	14.15	0.54	26.02	NA	61	2017	2017	0.013446778	0.584107333	0.004905649	0.156848438	0.008471532	2.348510706	0.004207395	NA	NA	11376617.55	2.54E-05	4.493	3.014333333	1.321	2.709666667	4.583666667	0.01	0.009	0.008	1.086666667	1.222210667	1.674949667	0.694976667	0.021384667	0.024120333	0.014292333	0.009405	147.6666667	1.064114	0.747735	0.721206	NA	NA	NA	1.64	16.55	186.4	2.08	-112.981	-15.5605
GL26_DN	GL26	Alps	3.4	6	9.3	99.2	226.4	72.9	13.8	0	46.0295	7.8546	2995	46.0318	7.8495	2876	3989	3501	471	119	315	0.86	0.64	1.34	NA	NA	2017	2017	0.362039555	NA	0.340187311	4.07310276	2.386274152	56.52744329	0.740473536	36.983095	NA	170313639.3	1.05E-04	NA	NA	NA	NA	NA	NA	NA	NA	NA	NA	NA	NA	NA	NA	NA	NA	NA	0.33707	2.12985	1.07866	7.93888	0.13358	7.37443	0.89	7.27	196.68	1.68	-129.31	-17.2991
GL26_UP	GL26	Alps	0.7	7	10	99.7	222.7	65.2	18	0	46.0295	7.8546	2995	46.031	7.8515	2916	3989	3501	288	79	315	0.86	0.72	1.19	NA	NA	2017	2017	0.097993889	2.355457667	0.259818398	3.076565082	0.51940023	18.45252071	2.452577164	48.53200833	NA	60536156.64	6.64E-05	1.443666667	1.02	0.297	2.476333333	-239.817	0.008	0.010333333	0.008	0.814333333	0.908027	1.385345667	1.821468	0.009502	0.021577	0.012205	0.009637	244.6666667	NA	NA	NA	NA	NA	NA	0.53	6.44	243.68	1.12	-129.988	-17.4408
GL27_DN	GL27	Alps	3.1	5	10.4	100	247.7	74.6	1048	0	45.9891	7.4967	2311	46.0006	7.4921	2112	3660	3126	1330	199	45	10.4	0.4	25.92	NA	122	2019	2019	0.008435	1.802097667	0.025946258	0.908719852	0.041056701	3.276048506	0.009360316	51.3684025	NA	12014546.43	NA	NA	NA	NA	NA	NA	NA	NA	NA	NA	NA	NA	NA	NA	NA	NA	NA	NA	0.89867	0.63946	0.99537	8.59474	0.19998	17.13557	5.44	6.26	174.55	1.61	-111.227	-15.0267
GL27_UP	GL27	Alps	0.3	NA	10.9	99.5	231.1	53.7	90.6	0	45.9891	7.4967	2311	45.9901	7.496	2265	3660	3126	125	46	45	4.77	0.78	6.08	NA	122	2019	2019	0.008846222	1.354799	0.030755338	0.703318751	0.12533698	1.60282705	0.056337835	30.64803167	NA	9220494.624	1.94E-05	10.65733333	7.999	1.864666667	2.238666667	3.005333333	0.007333333	0.007666667	0.007	0.959666667	1.226150333	1.432607333	0.678271	0.045507333	0.040227667	0.027329333	0.018842667	260.6666667	NA	NA	NA	NA	NA	NA	3.27	12.34	194.66	2.02	-115.734	-15.8734
GL28_DN	GL28	Alps	2.1	6	10.6	99.6	262.1	160.2	72.8	0	46.0154	7.4687	2295	46.0188	7.4736	2148	3791	3189	537	147	45	2.77	0.58	4.76	NA	125	2019	2019	0.011560778	0.783639	0.027944261	0.461464306	0.074546988	3.429842919	0.01342015	NA	NA	12163901.35	3.07E-05	NA	NA	NA	NA	NA	NA	NA	NA	NA	NA	NA	NA	NA	NA	NA	NA	NA	1.04035	0.665375	2.22315	18.62112	0.26366	46.98159	1.65	9.15	184.7	0.78	-114.311	-15.6483
GL28_UP	GL28	Alps	0	6	10.8	98.5	120.5	173	79.2	0	46.0154	7.4687	2295	46.016	7.4692	2277	3791	3189	76	18	45	2.77	0.6	4.62	NA	125	2019	2019	0.001233889	0.649332667	0.008046627	0.14234722	0.017515046	2.440233116	2.49E-05	15.68798117	NA	5144009.853	1.43E-05	0.731	0.300666667	0.226	-7.587	0.281333333	0.023333333	0.219666667	0.088666667	0.273	0.805088667	1.333305333	3.242746667	0.007757667	0.024399333	0.014144	0.012022333	140.6666667	1.57343	1.34627	4.17632	15.43354	1.90348	46.3324	2.41	8.08	212.11	0.51	-115.386	-15.7943
GL29_DN	GL29	Alps	1.7	6	11	100.3	230.2	44.5	131.7	0	46.0393	7.5503	2096	46.0437	7.5535	1977	3735	3152	547	119	0	10.48	0.62	16.95	NA	55	2019	2019	0.007212778	3.327145	0.016864885	0.201350958	0.029031457	0.680693723	0.001244538	NA	NA	9117281.47	NA	NA	NA	NA	NA	NA	NA	NA	NA	NA	NA	NA	NA	NA	NA	NA	NA	NA	0.55398	0.44648	0.43325	5.25219	0.14239	9.41218	1.94	10.87	142.78	0.57	-113.5	-15.4197
GL29_UP	GL29	Alps	0.6	6	11.2	99.6	173.1	47.7	132.7	0	46.0393	7.5503	2096	46.0396	7.5505	2085	3735	3152	35	11	0	10.48	0.64	16.49	NA	55	2019	2019	0.001007	1.680924667	0.009519795	0.107520434	0.025658455	1.433920213	0.010553254	28.093945	NA	6788381.367	NA	6.326	4.248333333	1.324666667	2.722666667	6.524333333	0.009666667	0.008333333	0.008333333	1.109666667	0.851582667	1.352506667	1.236451	0.025076667	0.045733	0.02641	0.022051667	207.3333333	NA	NA	NA	NA	NA	NA	2.47	9.44	166.74	1.07	-111.517	-15.2197
GL30_DN	GL30	Alps	2.8	6.56	9.4	98.3	197.2	189	8.8	0	46.1446	7.9966	3131	46.1449	7.9921	2983	3498	3324	345	148	270	0.33	0.63	0.53	NA	NA	2019	2019	0.007628	NA	0.062311594	2.64289109	0.447544493	2.750915791	0.150446395	4.902727333	NA	35845055.63	NA	NA	NA	NA	NA	NA	NA	NA	NA	NA	NA	NA	NA	NA	NA	NA	NA	NA	0.30735	0.369145	8.441055	17.14854	0.118965	81.5008	NA	48.16	166.15	0.97	-110.255	-15.3658
GL30_UP	GL30	Alps	4.8	6	10	98.8	NA	207	11	0	46.1446	7.9966	3131	46.1446	7.9939	3081	3498	3324	205	50	270	0.33	0.64	0.52	NA	NA	2019	2019	0.009323111	2.850045667	0.068781478	2.005323849	0.313980114	2.252375677	0.137936532	60.1347875	NA	24930588.93	NA	0.39	0.328333333	0.106333333	1.625333333	3.272666667	0.006	0.012666667	0.003333333	0.474	1.211312667	1.39378	0.614365667	0.024615667	0.023310333	0.014392	0.008527667	159.3333333	1.31635	9.35451	2.43465	19.67246	8.69749	53.50479	NA	56.56	167.52	0.55	-110.082	-15.364
GL32_Down	GL32	Greenland	6.3	6.5	11.6	99.7	294.7	5.9	7.4	0	64.1382	-51.1769	615	64.1395	-51.1732	550	926	740	234	65	45	0.16	0.16	0.96	NA	NA	20190829	20190829	0.016649556	2.511825667	0.085530073	1.168041736	0.480595931	1.435022989	0.180286373	19.37842633	NA	18358425.5	2.12E-05	NA	NA	NA	NA	NA	NA	NA	NA	NA	NA	NA	NA	NA	NA	NA	NA	NA	NA	NA	NA	NA	NA	NA	2.04	12.32	0.54	0.73	NA	NA
GL32_UP	GL32	Greenland	0.1	5.91	13.5	99.7	439.5	3.1	48.7	0	64.1382	-51.1769	615	64.1383	-51.1768	613	926	740	15	2	45	0.16	0.18	0.86	NA	NA	20190829	20190829	0.019867667	0.801858667	0.068326084	1.41778104	0.869763942	0.907536623	0.16913251	42.25832	NA	4323083.673	NA	5.788333333	4.235333333	1.984333333	2.146	3.067	0.007666667	0.007	0.006333333	1.129	1.699176	1.561388667	0.499811	0.191391667	0.121859667	0.086737	0.010516	127.1	NA	NA	NA	NA	NA	NA	NA	NA	NA	NA	-117.18	-16.1589
GL34_DN	GL34	Greenland	2.6	7.11	12.8	99.9	448.1	7.4	105.3	0	64.1512	-51.2184	563	64.1479	-51.1958	473	1338	838	1174	90	45	1.54	0.25	6.27	NA	NA	20190829	20190829	0.008058333	0.409291333	0.006517211	0.25015204	0.046980403	0.229770797	0.009032042	10.62351167	NA	1221420.648	NA	NA	NA	NA	NA	NA	NA	NA	NA	NA	NA	NA	NA	NA	NA	NA	NA	NA	NA	NA	NA	NA	NA	NA	8.6	8.18	6.44	2.5	NA	NA
GL34_UP	GL34	Greenland	0.3	6.59	13.6	99.9	400.3	6.3	120.3	0	64.1512	-51.2184	563	64.1514	-51.2181	557	1338	838	23	6	45	1.49	0.69	2.15	NA	NA	20190829	20190829	0.004685778	0.87926	0.006580677	0.147377672	0.128578734	0.817704541	0.022461522	8.630300167	NA	1164633.597	NA	12.43833333	11.079	4.675333333	1.485	2.304	0.003333333	0.005333333	0.004333333	0.601	2.121338	1.846872	0.405757333	0.123735	0.072138	0.060760333	0.013271	116.7666667	0.638232	1.155472	0.071126	0.286322	1.143156	0.30246	NA	NA	NA	NA	-119.552	-16.66
GL35_DN	GL35	Greenland	2.8	5.74	NA	NA	428.2	2.7	67.5	0	64.166	-51.0694	757	64.1626	-51.059	547	1277	970	633	210	45	1	0.6	1.66	NA	NA	20190829	20190829	0.014642889	0.752865333	0.036223754	1.141940438	0.151096042	0.73229651	0.03092826	32.74146333	NA	1982518.943	2.86E-05	NA	NA	NA	NA	NA	NA	NA	NA	NA	NA	NA	NA	NA	NA	NA	NA	NA	NA	NA	NA	NA	NA	NA	5.2	10.53	4.23	1.74	NA	NA
GL36_DN	GL36	Greenland	9.2	6.01	11	99.9	388.6	6.4	18.8	0	64.1203	-51.4749	540	64.1262	-51.4901	388	757	628	1027	152	315	0.63	0.33	1.92	NA	NA	20190829	20190829	0.053249	2.710917333	0.125188425	2.119940565	0.609850106	3.350128492	0.416891158	32.45059333	NA	2641409.697	2.68E-05	NA	NA	NA	NA	NA	NA	NA	NA	NA	NA	NA	NA	NA	NA	NA	NA	NA	NA	NA	NA	NA	NA	NA	9.5	8.85	2.02	2.37	NA	NA
GL36_UP	GL36	Greenland	7.3	6.06	12.2	107.4	409.9	5.2	20.5	0	64.1203	-51.4749	540	64.1211	-51.4805	523	757	628	286	17	315	0.61	0.47	1.3	NA	NA	20190829	20190829	0.035108	2.201665	0.152758779	2.040100514	0.67886681	1.772134905	0.250650228	33.944885	NA	2719847.21	3.65E-05	6.74	5.182666667	2.346333333	2.098	3.467	0.006	0.008	0.007	0.804666667	1.255100667	1.695921333	0.472118	0.030177	0.022740333	0.013227	0.007476	124.9	NA	NA	NA	NA	2.54766	0.496672	4.84	7.55	2.76	1.12	-101.22	-14.2564
GL42_DN	GL42	Caucasus	3.8	7.79	10.4	100	302.5	69.9	52	0	43.0925	43.1693	2668	43.1122	43.1494	2121	5157	3710	2737	547	0	16.41	0.36	45.68	NA	19	20190729	20190729	0.007463444	NA	0.04196946	0.21388012	0.032998144	0.464124067	0.024763507	39.47601667	NA	2425135.667	5.00E-05	NA	NA	NA	NA	NA	NA	NA	NA	NA	NA	NA	NA	NA	NA	NA	NA	NA	NA	NA	NA	NA	NA	NA	NA	NA	NA	NA	NA	NA
GL43_DN	GL43	Caucasus	0.6	7.75	11.5	100.9	367	96	NA	0	43.105	43.1319	2205	43.1172	43.1493	2037	5083	3551	1993	168	45	42.13	0.42	100.78	15	38	20190729	20190729	6.92E-04	NA	0.002298474	0.020165188	0.0086562	0.102745523	0.104589292	86.02390667	NA	1796996.47	1.31E-05	NA	NA	NA	NA	NA	NA	NA	NA	NA	NA	NA	NA	NA	NA	NA	NA	NA	NA	NA	NA	NA	NA	NA	NA	NA	NA	NA	NA	NA
GL44_Down	GL44	Caucasus	3	8	9.9	99.7	274.2	126.7	10.5	0	43.0915	43.2011	3531	43.0941	43.1733	2660	4566	3912	2297	871	315	1.06	0.2	5.25	NA	NA	20190729	20190729	0.296749667	NA	0.467079118	6.050205773	2.648001858	30.14294042	0.932502155	22.1987	NA	112286813.5	7.80E-05	NA	NA	NA	NA	NA	NA	NA	NA	NA	NA	NA	NA	NA	NA	NA	NA	NA	NA	NA	NA	NA	NA	NA	3.06	10.1	587.49	0.09	NA	NA
GL44_UP	GL44	Caucasus	0.2	8.14	9.5	98.7	206.1	154.4	37.8	0	43.0915	43.2011	3531	43.0924	43.199	3481	4566	3895	197	50	315	0.96	0.42	2.26	NA	NA	20190729	20190729	0.005900889	0.223949333	0.009152176	0.218516826	0.033407268	0.89638622	0.013091128	24.45110583	NA	3199204.483	1.24E-05	2.736	1.834666667	0.340333333	2.847666667	5.565666667	0.009333333	0.008333333	0.008333333	1.14	0.852088	1.404899667	1.59545	0.052655333	0.059093667	0.040285667	0.030639333	352.6666667	1.78903	1.64509	2.029945	18.69214	1.12403	35.15068	NA	NA	NA	NA	-69.5917	-10.6086
GL45_Down	GL45	Caucasus	4.7	8	9.1	99.5	221.3	123.1	12.5	0	43.0734	43.1787	3215	43.0751	43.1714	2924	4291	3725	645	291	270	0.31	0.25	1.25	NA	NA	20190729	20190729	0.059424444	3.350036	0.073525922	3.53576778	0.400969232	6.193043031	0.191689742	115.0448417	NA	33176438.03	NA	NA	NA	NA	NA	NA	NA	NA	NA	NA	NA	NA	NA	NA	NA	NA	NA	NA	NA	NA	NA	NA	NA	NA	2	4.66	550.74	1.21	NA	NA
GL45_UP	GL45	Caucasus	0.6	8.02	10.1	100.9	232.3	135.7	5.7	0	43.0734	43.1787	3215	43.0752	43.1743	3027	4291	3725	415	188	270	0.31	0.26	1.22	NA	NA	20190729	20190729	0.010453889	2.090306333	0.012312192	0.217193022	0.088985344	1.870674856	0.032394692	76.56178333	NA	7636790.48	2.21E-05	1.836666667	1.090666667	0.337	3.267666667	71.97133333	0.011333333	0.008333333	0.009	1.413333333	0.823161	1.351602333	2.1903	0.043118333	0.045331333	0.028215	0.022089333	239.1	1.55938	1.332195	2.298975	14.44164	0.90888	31.26529	1.27	5.28	531.01	0.47	-74.2318	-11.2374
GL46_Down	GL46	Caucasus	7	8.02	8.8	100	233	116.8	54.9	0	43.0808	43.1882	3351	43.0858	43.173	2779	4595	3871	1373	572	270	1.58	0.4	3.92	NA	NA	20190729	20190729	0.058885667	NA	0.075281693	1.124562257	0.223124239	6.738933146	0.101509348	83.43396667	NA	25137591.53	NA	NA	NA	NA	NA	NA	NA	NA	NA	NA	NA	NA	NA	NA	NA	NA	NA	NA	NA	NA	NA	NA	NA	NA	1.72	1.96	431.09	1.05	NA	NA
GL46_Up	GL46	Caucasus	0.4	8.06	9.9	99.6	198.1	104.3	33.7	0	43.0808	43.1882	3351	43.0832	43.1839	3154	4595	3872	440	197	270	1.57	0.55	2.88	NA	NA	20190729	20190729	0.070981333	2.611021333	0.118157103	2.33511648	0.314194772	9.389854019	0.120011437	105.9124583	NA	17934148.79	3.36E-05	2.917	1.802666667	0.833	3.097333333	4.934333333	0.011333333	0.007	0.007333333	1.598666667	0.895302	1.366027333	0.531129	0.034828	0.022190667	0.013127333	0.009843	184.4333333	1.00676	1.14904	1.6287	10.37212	NA	NA	1.58	6.57	411.76	0.74	-79.571	-11.8647
GL47_Down	GL47	Caucasus	2.4	7.35	10.6	99.9	293.4	28.1	33.9	0	43.2106	42.6841	2573	43.2203	42.6839	2177	4224	3336	1087	396	0	3.04	0.39	7.75	NA	16	20190823	20190823	0.066543667	0.633235667	0.073289786	12.4581341	0.162810745	2.447072116	0.088870163	22.202476	NA	5503084.257	4.89E-05	NA	NA	NA	NA	NA	NA	NA	NA	NA	NA	NA	NA	NA	NA	NA	NA	NA	NA	NA	NA	NA	NA	NA	0.09	4.97	89.53	0.75	NA	NA
GL47_Up	GL47	Caucasus	0.5	7.68	10.7	99.8	257.9	36.1	26.9	0	43.2106	42.6841	2573	43.2116	42.6847	2517	4224	3336	122	56	0	3.04	0.42	7.22	NA	16	20190823	20190823	0.016846556	0.193888	0.022907468	2.284155052	0.082324757	2.093025657	0.03637865	22.1467725	NA	4209833.83	3.70E-05	2.134666667	1.450666667	0.375333333	2.581666667	11.54866667	0.009	0.008	0.007666667	1.177	0.677443667	1.359416667	1.210843333	0.024745667	0.031634333	0.018393	0.014591	246.7666667	NA	NA	NA	NA	NA	NA	0.94	13.06	123.58	0.98	-80.9983	-12.3306
GL48_Down	GL48	Caucasus	3.9	7.85	9.7	100.1	281	75.9	233.7	0	43.2032	42.7503	2766	43.2088	42.7396	2642	3829	3304	1075	124	315	2.73	0.33	8.4	53	35	20190823	20190823	0.008023445	0.130967667	0.014399703	1.532198451	0.060799692	1.862493874	0.023998273	132.86305	NA	6619151.19	NA	NA	NA	NA	NA	NA	NA	NA	NA	NA	NA	NA	NA	NA	NA	NA	NA	NA	NA	NA	NA	NA	NA	NA	2.17	5.73	172.59	1.28	NA	NA
GL48_UP	GL48	Caucasus	1	7.91	10.3	99.3	212.6	76.3	9.2	0	43.2032	42.7503	2766	43.2034	42.7501	2760	3829	3302	29	6	315	2.44	0.67	3.61	53	35	20190823	20190823	0.018788778	0	0.024690769	0.877591942	0.053478772	1.839927001	0.019674487	63.68738333	NA	4360124.403	4.10E-05	1.415	1.017	0.591	2.39	8.168	0.007	0.007	0.007	0.94	0.70707	1.154492	0.644357	0.015312	0.018438	0.009643	0.00665	106.65	NA	NA	NA	NA	NA	NA	0.4	5.52	232.94	0.59	-84.1657	-12.7158
GL49_Down	GL49	Caucasus	4.1	7.68	9.6	100	228.4	89.9	14.4	0	43.1978	42.7389	2825	43.1992	42.7342	2741	3780	3234	413	84	315	0.56	0.47	1.18	NA	NA	20190823	20190823	0.026388334	0.682562333	0.065867331	4.112972967	0.191715237	5.858460486	0.079565841	122.3830167	NA	11147580.96	5.76E-05	NA	NA	NA	NA	NA	NA	NA	NA	NA	NA	NA	NA	NA	NA	NA	NA	NA	NA	NA	NA	NA	NA	NA	0.18	2.29	208.85	0.26	NA	NA
GL49_UP	GL49	Caucasus	1.9	7.83	10	99.6	245.4	87.7	11.3	0	43.1978	42.7389	2825	43.198	42.7382	2799	3784	3251	63	26	315	0.5	0.64	0.78	NA	NA	20190823	20190823	0.020414111	0.439807667	0.032131831	1.121464979	0.119400005	2.554127358	0.048488287	94.75033333	NA	4721823.273	8.45E-05	1.385333333	0.976333333	0.3985	2.377666667	5.504666667	0.008	0.007	0.007	1.160333333	0.755697	1.287094	1.405998667	0.012300333	0.023115	0.012404	0.009307667	158.8	NA	NA	NA	NA	NA	NA	0.17	2.78	259.69	0.56	-82.9368	-12.5466
GL50_Down	GL50	Caucasus	2	7.81	10.7	101	273.1	80.4	19.1	0	43.1946	42.6478	2386	43.208	42.6511	2212	4267	3283	1525	174	45	13.72	0.39	35.02	NA	NA	20190823	20190823	0.049051333	0.163542667	0.03062689	1.934025035	0.242868714	2.35420457	0.055304203	69.52716	NA	10686627.55	7.47E-06	NA	NA	NA	NA	NA	NA	NA	NA	NA	NA	NA	NA	NA	NA	NA	NA	NA	NA	NA	NA	NA	NA	NA	0.83	3.35	222.07	0.5	NA	NA
GL50_UP	GL50	Caucasus	0.8	7.89	10.7	98.5	264.2	83.9	10.7	0	43.1946	42.6478	2386	43.1952	42.6484	2364	4267	3321	84	22	45	11.27	0.48	23.69	NA	NA	20190823	20190823	0.007405333	0.224196	0.005736434	0.412056161	0.048994842	0.926389868	0.003393605	63.11514333	NA	3304706.243	1.15E-05	1.658666667	1.175333333	0.616666667	2.391333333	4.923666667	0.008	0.007	0.007	1.072	0.912306333	1.220800667	1.291095667	0.010367	0.019147333	0.01032	0.007651667	118.7666667	NA	NA	NA	NA	NA	NA	1.16	6.71	262.04	0.67	-85.1112	-12.7121
GL51_DN	GL51	Caucasus	2.5	8.24	10.4	102	191.4	83.4	38.4	0	43.2097	42.7247	2576	43.2133	42.7148	2466	4216	3197	898	110	0	4.47	0.47	9.54	NA	NA	20190823	20190823	0.351867222	1.452058	6.134154458	3.335245635	0.970818347	6.65844254	0.170420031	78.54847667	NA	39642064.37	1.56E-04	NA	NA	NA	NA	NA	NA	NA	NA	NA	NA	NA	NA	NA	NA	NA	NA	NA	NA	NA	NA	NA	NA	NA	0.94	12.6	241.53	1.51	NA	NA
GL51_Up	GL51	Caucasus	1	8.06	10.3	97.9	249	81.6	40.8	0	43.2097	42.7247	2576	43.2099	42.7242	2576	4216	3185	47	0	0	4.42	0.52	8.49	NA	NA	20190823	20190823	0.100551333	1.197138	0.057998296	21.45829365	0.202252791	5.401742756	0.056945922	75.43751667	NA	24761547.5	8.03E-05	2.822666667	1.927666667	0.663	2.614333333	6.854	0.009	0.007666667	0.008333333	1.082333333	0.986626667	1.298547333	0.864589333	0.019224333	0.026357333	0.015210333	0.01152	166.5	0.66369	0.75602	1.24994	9.05976	NA	NA	0.57	18.17	247.13	1.38	-82.9806	-12.5328
GL52_DN	GL52	Caucasus	5.7	7.4	9.4	99.3	263.1	22.5	48.1	0	43.3004	42.502	3279	43.2753	42.5128	2387	5597	4030	2927	892	135	7.36	0.4	18.39	NA	4	20190813	20190813	0.013112889	0.173442	0.022372737	0.269969488	0.082535201	0.535252273	0.051080163	70.35739167	NA	7552518.96	NA	NA	NA	NA	NA	NA	NA	NA	NA	NA	NA	NA	NA	NA	NA	NA	NA	NA	NA	NA	NA	NA	NA	NA	40.22	3.23	145.58	1.97	NA	NA
GL53_Down	GL53	Caucasus	6.3	8.04	9.3	100.4	246.9	192.3	7.6	0	43.2932	42.4783	3401	43.2677	42.4881	2400	5014	3957	2983	1001	180	4.14	0.42	9.93	37	17	20190813	20190813	0.045397778	2.672699	0.123184012	0.182784409	0.436460052	1.101890098	0.087664565	52.01182167	NA	7788910.557	9.53E-06	NA	NA	NA	NA	NA	NA	NA	NA	NA	NA	NA	NA	NA	NA	NA	NA	NA	NA	NA	NA	NA	NA	NA	44.04	8.33	122.73	1.09	NA	NA
GL54_DN	GL54	Caucasus	4.1	7.59	10	101.2	465.2	66.5	11.9	0	43.279	42.4404	2939	43.2654	42.4668	2394	5651	4137	2712	545	135	26.17	0.62	42.43	NA	42	20190813	20190813	0.004956444	0.553086667	0.011835204	0.132461607	0.040925149	7.447987954	0.015070173	29.50789	NA	5885800.417	1.69E-05	NA	NA	NA	NA	NA	NA	NA	NA	NA	NA	NA	NA	NA	NA	NA	NA	NA	NA	NA	NA	NA	NA	NA	34.89	6.53	191.86	1.01	NA	NA
GL54_UP	GL54	Caucasus	2.4	7.91	10.2	100.1	268.2	68.5	13	0	43.279	42.4404	2939	43.2721	42.4468	2561	5651	4010	927	378	135	21.8	0.77	28.14	NA	42	20190813	20190813	0.003638444	NA	0.006624543	0.084169074	0.015366609	0.261355533	0.023363242	18.4268945	NA	4275337.9	7.15E-06	3.154	2.17	1.998333333	2.460333333	3.797333333	0.008666667	0.007333333	0.007333333	1.166333333	1.034937333	1.267801	0.453607	0.013705333	0.015360333	0.007570333	0.004924333	69.1	4.06383	1.26051	2.97294	4.39212	0.26357	12.15356	37.9	8.67	203.97	0.38	-100.213	-14.4946
GL56_Up	GL56	Caucasus	4.7	NA	10.1	100.1	295.1	94.6	1100	0	43.2608	41.5976	2798	43.2617	41.6102	2104	3764	3234	1028	694	45	2.94	0.65	4.56	NA	NA	20200830	20200830	0.023522	1.351671333	0.140076347	1.832861046	0.381511035	9.096995244	0.141171422	48.61464167	NA	60319757.57	2.25E-04	9.105333333	7.289666667	1.710333333	1.941666667	3.110333333	0.005666667	0.007333333	0.006333333	0.805333333	1.161791667	1.640773333	0.683176333	0.044045	0.039748	0.024929333	0.020970333	247.2333333	0.37973	2.25072	0.833685	9.430335	0.2166	14.22191	4.25	5.27	59.98	2.46	-84.7299	-12.3865
GL58_Down	GL58	Caucasus	5.4	6.95	9.9	100.3	383.8	50	10.6	0	43.2348	41.693	2372	43.2512	41.6916	2113	3326	2849	1825	259	0	4.12	0.3	13.9	NA	NA	20200830	20200830	0.005038889	NA	0.089693249	1.387764695	0.344322268	1.9686945	0.099906083	43.66904667	NA	37578433.47	3.93E-05	NA	NA	NA	NA	NA	NA	NA	NA	NA	NA	NA	NA	NA	NA	NA	NA	NA	NA	NA	NA	NA	NA	NA	0.27	10.01	225.06	0.43	NA	NA
GL58_Up	GL58	Caucasus	0.6	6.45	11	99.9	342	53.8	20.3	0	43.2348	41.693	2372	43.2356	41.6929	2347	3762	3038	87	25	0	1.35	0.58	2.33	NA	NA	20200830	20200830	2.59E-04	3.092367	0.006906029	0.468314058	0.041084458	0.534816744	0.028682807	10.90472967	NA	13744232.57	5.53E-05	3.517666667	2.402333333	1.011	2.731333333	10.02033333	0.009333333	0.009666667	0.008333333	0.954333333	1.045179	1.712936	0.679495333	0.019368	0.021215333	0.012712	0.009838333	156.3333333	0.61462	0.65617	1.38996	5.19033	0.20807	18.37054	0.54	24.25	260.67	0.83	NA	NA
GL5_Up	GL5	New_Zealand	7.7	7.54	10.4	100.4	414.9	32.4	0.1	0	-42.9232	171.5044	1848	-42.9249	171.5141	1325	1902	1837	821	523	90	0.03	0.06	0.46	NA	NA	20190228	20190302	0.157253	1.196500667	0.611989214	6.030224182	2.212618641	13.53446978	1.111378985	132.924065	NA	132735334.5	3.07E-04	0.492	0.334333333	0.266	2.302666667	2.367	0.01	0.020333333	0.011666667	0.598	NA	NA	NA	NA	NA	NA	NA	85.46666667	NA	NA	NA	NA	NA	NA	7.3	25.5	10	NA	-58.7893	-9.17892
GL61_DN	GL61	Ecuador	3.1	4.16	7.5	97.4	199.2	69	307.7	0	0.0382	-77.997	4814	0.043	-77.9998	4620	5763	5321	675	194	0	0.74	0.59	1.25	NA	NA	20200206	20200206	0.019852	3.578411333	0.086790405	0.526362415	1.902008946	0.695419254	0.927337172	NA	NA	13350832.23	3.56E-05	NA	NA	NA	NA	NA	NA	NA	NA	NA	NA	NA	NA	NA	NA	NA	NA	NA	NA	NA	NA	NA	NA	NA	9.82	15.88	13.76	1.87	-96.9	-13.4148
GL65_DN	GL65	Ecuador	0.9	5.81	8.1	99.8	129.9	2.1	1023.7	0	-0.4937	-78.1584	4762	-0.4942	-78.1588	4739	5685	5202	70	23	225	1.34	0.96	1.41	NA	NA	20200206	20200206	0.006880889	1.018699333	0.024096456	0.152198128	0.174643921	0.843348214	0.042221897	2.770301	NA	5257903.827	NA	NA	NA	NA	NA	NA	NA	NA	NA	NA	NA	NA	NA	NA	NA	NA	NA	NA	NA	NA	NA	NA	NA	NA	16.11	11.06	0.79	1.7	-99.2471	-13.8248
GL65_UP	GL65	Ecuador	0.4	5.81	8.1	98.2	128.6	2.2	1061.7	0	-0.4937	-78.1584	4762	-0.4941	-78.1587	4746	5685	5202	48	16	225	1.34	0.96	1.4	NA	NA	20200206	20200206	0.002039	1.605299	0.013680255	0.118187876	0.084099861	0.521014487	0.027947116	2.084887167	NA	2850984.95	1.72E-05	8.012	5.765	1.286666667	2.368	4.228666667	0.007666667	0.008	0.007666667	0.962	2.005589	1.596740667	0.412007667	0.056152667	0.028585333	0.026271	0.009579333	279	0.46626	0.115106	0.028402	0.101216	0.058343	0.325127	16.44	13.15	2.57	2.83	-99.4337	-13.8663
GL68_DN	GL68	Ecuador	0.9	7.05	8.1	100.6	112.4	1.9	1100	0	-0.4781	-78.1576	4813	-0.4773	-78.1592	4778	5680	5189	198	35	315	0.42	0.73	0.58	NA	NA	20200206	20200206	0.012176778	1.534406333	0.042357319	0.668469669	0.347696762	0.90684435	0.155027505	6.810591667	NA	7092803.193	4.57E-05	NA	NA	NA	NA	NA	NA	NA	NA	NA	NA	NA	NA	NA	NA	NA	NA	NA	NA	NA	NA	NA	NA	NA	28.51	12.57	21.22	1.08	-97.7145	-13.5767
GL6_Down	GL6	New_Zealand	8	8.15	10.5	99.6	434.2	15	0.9	0	-42.9216	171.5092	1694	-42.9307	171.5185	1118	2206	2033	1293	576	180	0.57	0.19	3.01	NA	15	20190228	20190302	0.002359222	0	0.033847217	0.3216775	0.11114176	0.752775115	0.050457876	65.42115667	NA	15075287.27	3.98E-05	NA	NA	NA	NA	NA	NA	NA	NA	NA	NA	NA	NA	NA	NA	NA	NA	NA	NA	NA	NA	NA	NA	NA	NA	NA	NA	NA	NA	NA
GL72_DN	GL72	Ecuador	2.3	5	7.8	99	154.7	3.6	657	0	-0.6671	-78.4265	4811	-0.6658	-78.4262	4746	5797	5156	141	65	0	0.34	0.85	0.4	NA	NA	20200206	20200206	0.001914778	NA	0.017334039	0.343087452	0.086019171	0.605627335	0.033460237	7.865789333	NA	5568478.82	NA	NA	NA	NA	NA	NA	NA	NA	NA	NA	NA	NA	NA	NA	NA	NA	NA	NA	0.51977	0.078242	0.058325	0.290481	0.179875	0.260685	10.39	12.13	9.99	1.74	-89.9555	-12.8097
GL73_DN	GL73	Ecuador	3.3	5.27	7.8	99.8	154.3	15.9	184.7	0	-1.4612	-78.777	4543	-1.4605	-78.773	4471	5842	5397	453	72	90	0.82	0.33	2.48	NA	NA	20200206	20200206	0.131139778	1.435758	0.239798432	4.809625444	1.204777667	5.799920639	0.616377892	27.96679667	NA	49973853.23	6.27E-05	NA	NA	NA	NA	NA	NA	NA	NA	NA	NA	NA	NA	NA	NA	NA	NA	NA	1.0569	0.223867	0.383491	1.190447	0.30222	0.74023	41.25	15.24	123.62	2.75	-77.4762	-11.3442
GL73_UP	GL73	Ecuador	0.8	5.08	8.3	98.6	154.5	15.3	190.3	0	-1.4612	-78.777	4543	-1.4612	-78.7769	4541	5842	5397	13	2	90	0.82	0.35	2.38	NA	NA	20200206	20200206	0.124786778	3.168865667	0.476980651	5.938891669	2.767846626	2.374913387	2.400999951	34.74161833	NA	38074688.17	1.41E-04	11.152	8.219333333	1.967	2.202333333	3.104333333	0.007666667	0.006666667	0.006666667	1.140333333	0.913043667	1.273155333	0.880046333	0.080598667	0.060386333	0.039614	0.031658333	248.5333333	0.935256	0.184287	0.325383	0.833243	0.209911	0.733082	45.99	16.97	154.4	3.01	-76.4678	-11.1283
GL74_DN	GL74	Ecuador	4.2	5.25	7.4	99.5	141.2	8.7	79	0	-1.405	-78.7559	4764	-1.4062	-78.7566	4725	4779	4770	156	39	180	0.01	0.07	0.11	NA	NA	20200206	20200206	0.113307778	0.812371333	0.137791102	1.4614948	0.373778776	3.125427527	0.248443995	NA	NA	11581297.35	1.29E-04	NA	NA	NA	NA	NA	NA	NA	NA	NA	NA	NA	NA	NA	NA	NA	NA	NA	0.866593	0.109608	0.265603	0.448624	0.268809	0.283748	32.52	13.9	19.46	1.8	-75.0422	-10.9787
GL74_UP	GL74	Ecuador	1.5	4.9	8	99.8	142.9	10.3	148.6	0	-1.405	-78.7559	4764	-1.4051	-78.7559	4764	4779	4770	6	0	180	0.01	0.12	0.07	NA	NA	20200206	20200206	0.137993556	0.898537333	0.147086802	4.857544217	0.796238959	1.382209001	0.366808704	19.72361167	NA	2895576.417	NA	8.387333333	5.41	1.405666667	2.781666667	3.756	0.011	0.008	0.008	1.475333333	0.995291667	1.354117333	0.877961	0.035388667	0.034028	0.021262667	0.016182333	262.7666667	1.439739	0.105292	0.306833	0.508154	0.7993	0.306751	26.96	20.36	30.25	1.56	-88.6291	-12.5205
GL75_DN	GL75	Ecuador	2.9	4.52	7.8	102.5	141	5.6	945.7	0	-1.4463	-78.8039	4936	-1.4456	-78.8039	4935	6032	5281	84	1	45	0.96	0.75	1.28	NA	NA	20200206	20200206	0.063741889	0.607502667	0.083238053	0.644617927	0.32356433	1.30621823	0.05824612	23.934215	NA	4098067.743	NA	NA	NA	NA	NA	NA	NA	NA	NA	NA	NA	NA	NA	NA	NA	NA	NA	NA	0.496739	0.099496	0.093166	0.316661	0.096965	0.271628	40.78	20.39	38.96	3.03	-91.3483	-12.8566
GL75_UP	GL75	Ecuador	0	4.42	8.1	98.7	141.3	6.1	1100	0	-1.4463	-78.8039	4936	-1.4462	-78.804	4936	6032	5281	20	0	45	0.96	0.77	1.25	NA	NA	20200206	20200206	0.073228889	0.642445333	0.125344944	0.53521594	0.519421672	2.118309937	0.066163366	23.484865	NA	7345590.68	NA	13.24833333	11.381	3.063666667	1.645666667	2.872666667	0.004	0.005333333	0.005333333	0.756666667	1.588455	1.557656	0.426954667	0.085880667	0.04858	0.03076	0.016945333	204.5333333	0.567203	0.09212	0.166952	0.264214	0.071594	0.308373	37.09	18.49	49.97	3.39	-88.8039	-12.1369
GL77_DN	GL77	Alps	7.9	7.77	9.7	105.2	151.7	32.5	83	0	46.335	9.7021	2259	46.3431	9.7006	2223	3325	2743	914	36	0	5.98	0.37	16.15	6	118	2019	2019	0.077478222	3.598667333	0.265937282	2.792671697	1.096928602	16.34592544	0.300268231	50.96853833	NA	5879931.863	3.50E-05	NA	NA	NA	NA	NA	NA	NA	NA	NA	NA	NA	NA	NA	NA	NA	NA	NA	0.22801	0.504126	0.340709	2.157203	0.093335	1.271685	4.68	13.88	102.21	2.53	-92.2808	-13.0138
GL77_UP	GL77	Alps	1.8	8.13	10.8	100.4	198.1	15.2	129.3	0	46.335	9.7021	2259	46.3352	9.7018	2254	3325	2743	31	5	0	5.98	0.44	13.66	6	118	2019	2019	0.014986889	1.051018667	0.03625464	0.742603353	0.203968316	2.391676298	0.02301187	63.13007083	NA	3022439.41	3.38E-05	6.857	4.815	2.461	2.497666667	3.371	0.008666667	0.008666667	0.007666667	1.003333333	1.725317333	1.396278333	0.571652667	0.172411667	0.111211	0.084439	0.013777667	126	0.137339	0.429137	0.365712	1.722728	0.016825	0.647055	2.61	14.84	37.37	0.6	-89.2297	-12.6784
GL79_UP	GL79	Alps	0.1	8.75	11.3	99.4	260.5	4.2	198.7	0	46.3127	9.6469	2201	46.4197	9.9338	2176	4009	3074	2	25	0	15.77	0.62	25.24	NA	129	2019	2019	0.014332	0.575763	0.077211984	0.463411689	0.410078245	2.885186513	0.005887478	32.886875	NA	11912117.15	5.35E-05	NA	NA	NA	NA	NA	NA	NA	NA	NA	1.877215	1.294506	0.767246333	0.066929	0.037072667	0.037371333	0.012703	146.3333333	0.098434	0.138188	0.044446	0.49863	0.024852	0.279136	0.58	7.52	18.81	0.26	-95.6353	-13.5713
GL7_UP	GL7	New_Zealand	3	6.72	11	99.7	424.3	5.9	37.7	0	-42.9993	171.3861	1898	-42.9984	171.3898	1750	2321	2115	318	148	45	0.29	0.53	0.54	NA	19	20190228	20190302	1.98E-04	0.035806667	0.006656689	0.170888847	0.024844621	0.625747614	0.011468625	83.945265	NA	5280680.923	1.86E-05	8.886	5.977666667	3.5	2.489333333	0.982666667	0.009	0.009	0.007333333	0.997	NA	NA	NA	NA	NA	NA	NA	121.3333333	NA	NA	NA	NA	NA	NA	7.2	23.1	23	NA	-45.3539	-7.44784
GL80_DN	GL80	Alps	5.8	7	9.8	100.5	246.4	19.9	7.1	0	46.3841	9.8411	2311	46.3909	9.8443	2161	3535	3081	800	150	0	3.34	0.28	11.82	NA	110	2019	2019	0.008399	0.475133	0.074445566	2.352415862	0.2351924	4.653988519	0.065627669	85.22931333	NA	13525262.31	4.27E-05	NA	NA	NA	NA	NA	NA	NA	NA	NA	NA	NA	NA	NA	NA	NA	NA	NA	0.18893	0.22893	0.22161	2.22689	0.06409	2.34144	0.57	12.45	183.65	0.28	-101.173	-14.1734
GL80_UP	GL80	Alps	3.2	NA	10.3	100.3	263.8	17.4	9.7	0	46.3841	9.8411	2311	46.385	9.8419	2276	3535	3081	119	35	0	3.34	0.75	4.43	NA	110	2019	2019	0.012077333	0.737342	0.208230342	2.489289427	0.479438446	9.80678002	0.131376528	83.22795	NA	40380353	1.51E-04	NA	NA	NA	NA	NA	NA	NA	NA	NA	5.951836333	1.323197333	0.207669667	0.154841667	0.041916667	0.082872	0.008659	179.6666667	0.150084	0.188445	0.169998	2.048362	0.063602	2.027576	0.42	15.2	196.63	0.24	-101.326	-14.2963
GL81_UP	GL81	Alps	0.8	8.59	10.9	100.8	194.1	34.8	70.8	0	46.4031	9.8702	2347	46.4035	9.8695	2326	3981	3093	69	21	315	6.11	0.6	10.19	NA	70	2019	2019	0.002335444	1.142827	0.002589863	0.073667013	0.010162103	0.843233798	0	37.01431667	NA	7686079.033	6.47E-06	NA	NA	NA	NA	NA	NA	NA	NA	NA	4.735352667	1.498072333	0.298314667	0.286923333	0.078331	0.150774	0.011987	146.3333333	0.363912	0.276359	0.413436	4.192359	0.154439	5.584175	2.27	11.08	236.06	0.77	-102.413	-14.383
GL82_DN	GL82	Alps	0.8	8.66	10.9	101	292.1	23.9	70	0	46.8559	10.0577	2489	46.8545	10.0542	2430	3087	2777	319	59	315	2.36	0.61	3.88	99	57	2019	2019	0.007748889	2.136579667	0.014187559	2.021873486	0.041334405	0.502464384	0.012174172	21.73094417	NA	10156028.58	1.06E-05	NA	NA	NA	NA	NA	NA	NA	NA	NA	NA	NA	NA	NA	NA	NA	NA	NA	0.267	0.76198	0.47233	2.17589	0.11347	7.04811	2.3	28.09	73.02	0.18	-106.692	-14.8751
GL82_UP	GL82	Alps	1	8.5	10.6	99.7	289.8	25.1	55.9	0	46.8559	10.0577	2489	46.8559	10.0569	2474	3087	2777	61	15	315	2.36	0.66	3.56	99	57	2019	2019	0.022135333	1.434443333	0.016270583	0.641270392	0.066747563	0.84982835	0.041619051	16.60624833	NA	5092202.06	4.62E-05	6.23	4.480666667	0.919666667	2.52	3.718666667	0.008	0.008333333	0.008333333	0.904333333	7.980541333	1.873864667	0.105803333	1.180352333	0.289956	0.58652	0.011911333	314	0.276629	0.726998	0.424472	1.955034	0.17468	6.80934	1.82	29.66	78.06	0.18	-107.111	-14.8902
GL85_DN	GL85	Alps	3.9	6.46	9.4	99.8	267.8	3.3	NA	0	46.9148	10.9328	2953	46.9149	10.9356	2870	3258	3089	215	83	90	0.32	0.75	0.42	NA	NA	20190827	20190827	0.013258555	4.450704667	0.465461723	8.608022182	1.812497813	8.121381297	1.941981628	40.250315	NA	8937159.603	NA	NA	NA	NA	NA	NA	NA	NA	NA	NA	NA	NA	NA	NA	NA	NA	NA	NA	0.036685	0.076794	0.060191	0.31442	0.044418	0.555345	1.14	35.12	42.12	2.83	-118.323	-16.2267
GL85_UP	GL85	Alps	0.1	6.6	10.2	99.9	291.3	3	7	0	46.9148	10.9328	2953	46.9147	10.9339	2929	3258	3087	84	24	90	0.31	0.84	0.37	NA	NA	20190827	20190827	0.029537	4.089318333	0.289636326	4.09854557	1.535573558	5.204951321	1.064330603	27.06720333	NA	4233260.443	NA	0.936333333	0.666333333	0.210333333	2.293333333	15.60366667	0.008333333	0.010666667	0.007	0.819666667	3.667189667	1.467708	0.332673	0.073940333	0.024271	0.037140667	0.007617	211	0.036454	0.147603	0.066976	0.318397	0.02803	0.635105	0.5	40.23	37.44	1.36	-118.666	-16.2697
GL86_DN	GL86	Norway	5.4	7.71	12.3	100	414.3	12.5	26.5	0	69.4775	19.9921	635	69.4723	20.0078	351	1736	1039	883	284	135	5	0.53	9.46	NA	NA	20200803	20200803	0.006834889	1.408565	0.029343045	1.234479461	0.204882389	2.339025014	0.07584327	18.41494833	NA	18298949.57	1.81E-05	NA	NA	NA	NA	NA	NA	NA	NA	NA	NA	NA	NA	NA	NA	NA	NA	NA	0.590013	0.068759	0.432985	0.905082	0.65117	1.20677	0.54	2.19	14.05	1.68	-91.5384	-13.3399
GL86_UP	GL86	Norway	2.7	8.32	13	99.2	403.5	9.8	33.7	0	69.4775	19.9921	635	69.4734	20.0001	393	1736	1039	554	242	135	5	0.54	9.29	NA	NA	20200803	20200803	0.001573222	1.244703333	0.00837588	0.354306848	0.02829447	0.613541098	0.006371452	9.921534667	NA	10759921.69	5.74E-06	1.672	1.231	0.876	2.121	3.504666667	0.007666667	0.006333333	0.006	1.243666667	2.691594667	0.880064333	0.315654667	0.030348667	0.015799	0.015083667	0.003686667	84.56666667	0.435125	0.033369	0.380889	0.602335	0.555219	0.843806	0.45	3.99	37.26	0.92	-91.4936	-13.3252
GL88_DN	GL88	Norway	2.7	7.35	13.3	100.7	443.1	16.5	26.4	0	69.4849	19.8366	453	69.4869	19.8298	385	1833	1162	351	68	315	1.1	0.33	3.35	NA	NA	20200803	20200803	4.34E-04	1.632323333	0.001623742	0.228430357	0.004435698	0.159222909	8.65E-04	27.95066167	NA	4762112.593	2.17E-05	NA	NA	NA	NA	NA	NA	NA	NA	NA	NA	NA	NA	NA	NA	NA	NA	NA	0.641934	0.033993	0.341825	1.372305	0.720495	2.682189	2.04	11.25	36.96	0.86	-89.43	-13.0475
GL88_UP	GL88	Norway	0.9	7.18	13.8	100.2	401.8	16.5	36.1	0	69.4849	19.8366	453	69.4854	19.8359	446	1833	1162	57	7	315	1.1	0.36	3.1	NA	NA	20200803	20200803	7.24E-05	1.185130333	4.25E-04	0.092587963	0.001520235	0.032683844	0.001143844	9.294421333	NA	2282893.277	3.16E-05	2.65	1.890333333	1.865	2.316666667	2.984	0.008	0.006666667	0.006333333	1.228666667	3.105649	2.132013333	0.259151667	0.302366333	0.103122	0.077823667	0.005665667	69.5	0.612492	0.029541	0.313871	1.304307	0.697671	2.516042	1.7	5.89	37.44	2.38	-89.9387	-13.1272
GL90_DN	GL90	Norway	1.5	7	13	100.9	338.1	3.4	4.3	0	61.6591	7.154	872	61.6565	7.1551	792	1955	1562	303	80	90	6.43	0.78	8.24	NA	12	20200831	20200831	0.043340889	1.344708667	0.054144781	4.117162495	0.692773485	2.694546996	0.130521491	17.36133333	NA	14816116.4	3.89E-05	NA	NA	NA	NA	NA	NA	NA	NA	NA	NA	NA	NA	NA	NA	NA	NA	NA	0.156649	0.039134	0.032689	0.28378	0.230205	0.440289	4.78	48.6	37.02	0.66	-95.1972	-13.5283
GL90_UP	GL90	Norway	0.7	6.46	13.1	100.9	350.1	3.5	3.8	0	61.6591	7.154	872	61.6586	7.1539	859	1955	1562	54	13	90	6.43	0.8	8.05	NA	12	20200831	20200831	0.006315111	0.178873667	0.025177109	1.278612221	0.214934243	1.109333483	0.038066613	7.109603	NA	6366493.157	2.82E-05	0.909666667	0.670666667	0.721	2.127666667	67.37233333	0.007666667	0.010666667	0.006666667	0.708	0.778587667	1.569184	0.837608	0.007808667	0.015521667	0.006392	0.004443333	56.5	0.14892	0.034949	0.048339	0.245563	0.18608	0.403682	1.43	15.05	31.26	0.52	-95.4378	-13.562
GL91_DN	GL91	Norway	5.6	7.24	11.7	101.8	374.8	2.6	3.1	0	61.7124	7.2916	790	61.7132	7.2963	716	1959	1593	262	74	90	17.5	0.89	19.74	NA	114	20200831	20200831	0.043820444	1.650215	0.085222752	1.924798511	0.488773293	3.225196196	0.104210223	60.471695	NA	24672226.6	3.05E-05	NA	NA	NA	NA	NA	NA	NA	NA	NA	NA	NA	NA	NA	NA	NA	NA	NA	0.118793	0.064449	0.029285	0.245582	0.15305	0.1103	2.57	4.76	4.38	1.04	-92.8911	-13.1
GL91_UP	GL91	Norway	1	6.65	13	100.5	432.2	1.3	8.4	0	61.7124	7.2916	790	61.7124	7.2921	779	1959	1592	26	11	90	17.49	0.89	19.69	NA	114	20200831	20200831	0.008144111	0.983258	0.071657311	1.698171727	0.766131285	2.58645917	0.153303678	22.34851233	NA	39254836.6	5.04E-05	0.870333333	0.633333333	0.2765	2.163666667	32.88	0.008333333	0.010333333	0.007	0.783	0.827714333	12.739	0.653818667	0.013011667	0.012366333	0.00532	0.003440667	131.85	0.025741	0.032116	0.026458	0.148717	0.019334	0.046462	2.02	3.07	1.35	0.71	-94.9745	-13.4628
GL92_DN	GL92	Norway	2.2	6.18	13.3	101.7	478.3	3.2	66.2	0	61.6807	7.2015	500	61.676	7.2118	275	1942	1581	767	225	135	45.01	0.79	57.14	59	109	20200831	20200831	0.020805	1.128848667	0.11667708	2.14405398	0.490017615	1.262752266	0.101699831	8.1416335	NA	18800307.84	NA	NA	NA	NA	NA	NA	NA	NA	NA	NA	NA	NA	NA	NA	NA	NA	NA	NA	0.187087	0.107456	0.02678	0.137839	0.202298	0.408849	2.27	19.85	27.29	0.91	-89.6406	-12.7165
GL92_UP	GL92	Norway	2.9	7.83	13.6	104.4	546	5	39.7	0	61.6807	7.2015	500	61.6774	7.2073	363	1942	1580	483	137	135	44.45	0.82	54.3	59	109	20200831	20200831	0.029030556	1.931033667	0.078657316	4.899505752	0.430113658	1.815810666	0.114961902	22.34286667	NA	21202272.33	2.04E-04	3.678333333	2.359333333	0.55	3.47	14.94266667	0.011	0.014	0.011333333	0.760333333	0.703423667	1.283861667	4.210089	0.047976333	0.114949333	0.069931333	0.066336667	289.7666667	0.211638	0.094139	0.037852	0.281869	0.234368	0.494461	2.24	20.08	78.74	0.61	-86.6284	-12.1715
GL93_DN	GL93	Norway	2.9	7.3	11.3	100.4	378.3	4.6	45.6	0	61.5564	8.0515	1447	61.5571	8.0435	1368	1760	1651	431	79	270	0.78	0.63	1.24	NA	46	20200831	20200831	0.013568667	0.631229333	0.028904515	0.690800841	0.16077825	1.073972348	0.043014616	20.81640167	NA	4842507.793	1.84E-05	NA	NA	NA	NA	NA	NA	NA	NA	NA	NA	NA	NA	NA	NA	NA	NA	NA	0.169886	0.434224	0.10608	0.276436	0.077118	1.263038	5.7	14.05	18.39	0.47	-97.1394	-13.4682
GL93_UP	GL93	Norway	0.5	6.53	11.9	99.9	380.6	5.4	38.3	0	61.5564	8.0515	1447	61.5564	8.0515	1447	1760	1649	1	0	270	0.76	0.76	1.01	NA	46	20200831	20200831	0.008112	1.338603667	0.040396635	0.931039033	0.346711341	1.965470455	0.133579309	47.16643833	NA	22588735.66	2.09E-05	3.156	2.022333333	0.263333333	3.355333333	87.97733333	0.010666667	0.013333333	0.011	0.816	0.592555333	1.207613333	8.437193	0.019274	0.114266667	0.066468667	0.061425	521.7666667	0.147285	0.37757	0.085728	0.242721	0.06298	1.129133	6.42	14.47	57.2	0.97	-98.5508	-13.7107
GL94_DN	GL94	Norway	0.6	6.9	12	99.4	297.7	5.3	26	0	61.5817	8.1626	1441	61.5841	8.1654	1365	2097	1756	312	76	45	2.61	0.76	3.44	71	85	20190804	20190804	0.001036555	0.279804667	0.003587358	0.103525819	0.012358838	0.129101673	2.29E-04	3.680432333	NA	4059350.707	1.86E-05	NA	NA	NA	NA	NA	NA	NA	NA	NA	NA	NA	NA	NA	NA	NA	NA	NA	0.194595	0.22693	0.076169	0.374295	0.169545	0.503908	5.88	21.94	51.74	1.08	-100.968	-14.1661
GL94_UP	GL94	Norway	0.6	7.29	12	100	274.2	9.9	79.6	0	61.5817	8.1626	1441	61.5818	8.1625	1441	2097	1757	17	0	45	2.61	0.77	3.39	71	85	20190804	20190804	0.004350333	0.641452	0.003837571	0.156868619	0.034454876	0.333525815	0.016709114	3.007536	NA	1959825.579	4.26E-05	11.64666667	9.330666667	2.625333333	2.019	2.950666667	0.005666667	0.007666667	0.007	0.736333333	1.085773333	1.355406667	0.878371	0.050026333	0.051305333	0.032418333	0.024566	194.5666667	0.427075	0.628295	0.205884	0.710213	0.191226	0.980059	11.16	9.44	72.51	1.67	-97.6106	-13.441
GL95_DN	GL95	Norway	1	6.92	11.9	99.9	301.8	1	46.5	0	61.665	8.2982	1419	61.6679	8.2997	1357	2415	1975	331	62	0	4.35	0.47	9.29	NA	59	20200831	20200831	0.001187778	0.485553667	0.010009927	0.218077264	0.064917445	0.398808383	0.026170536	15.01980083	NA	7552535.467	2.66E-05	NA	NA	NA	NA	NA	NA	NA	NA	NA	NA	NA	NA	NA	NA	NA	NA	NA	0.280389	0.285863	0.097703	0.488927	0.156189	0.642883	5.15	23.23	80.04	0.59	-107.478	-14.8974
GL95_UP	GL95	Norway	0.5	7.07	12.2	99.8	305.2	0.4	28.8	0	61.665	8.2982	1419	61.6653	8.2987	1396	2415	1975	42	23	0	4.35	0.54	8.06	NA	59	20200831	20200831	0.001716778	1.822357333	0.019768006	0.319792659	0.169951474	0.757087353	0.049958908	20.306355	NA	11098765	3.18E-05	4.568666667	3.209333333	1.151666667	2.500666667	3.574333333	0.008333333	0.009	0.008	0.946666667	1.111744333	1.414695	1.206955333	0.044786	0.044958	0.027514	0.015134667	175.5666667	0.278578	0.262728	0.082278	0.44163	0.149401	0.548924	5.9	25.6	79.81	1.18	-107.833	-14.9847
GL96_UP	GL96	Alps	0.2	8.66	11.8	99.1	85.9	126.8	NA	0	45.7881	6.8876	1833	45.7883	6.8885	1812	4801	3079	72	21	135	11.13	0.46	24.07	NA	49	20200807	20200807	0.001166978	0.171227667	1.55E-04	0.072997473	0.001704155	0.733497764	0	NA	NA	4290530.123	1.32E-04	3.191666667	2.558666667	1.922	1.650333333	1.047666667	0.005	0.003333333	0.003	1.435666667	2.113088667	1.483254667	0.402942	0.108239667	0.057350667	0.043131	0.00553	72.8	1.01427	2.60868	1.43359	14.75885	0.290465	36.37834	3.3	16.59	87.23	0.99	-104.557	-14.3505
GL97_DN	GL97	Alps	0.9	7.72	11.5	100.2	217.7	54.4	65	0	45.788	6.7486	2057	45.7892	6.747	2014	3862	2975	201	43	315	7.54	0.45	16.64	3	41	20200807	20200807	0.003262	0	0.006844808	0.246276774	0.109580153	2.843382719	0.007610421	17.5672905	NA	11127668.73	3.06E-05	NA	NA	NA	NA	NA	NA	NA	NA	NA	NA	NA	NA	NA	NA	NA	NA	NA	0.29304	0.49111	0.70005	6.82906	0.1215	14.63305	1.53	11.88	62.24	1.09	-96.7728	-13.4539
GL97_UP	GL97	Alps	0.6	7.63	11.4	99.2	237.4	61.9	56.1	0	45.788	6.7486	2057	45.7888	6.7484	2037	3862	2974	85	20	315	7.54	0.46	16.44	3	41	20200807	20200807	0.001823556	0.716031333	0.007130326	0.163203116	0.021152606	1.920792186	0.005709248	22.323792	NA	8497045.38	7.19E-05	4.804333333	3.698666667	1.969333333	1.894333333	1.142666667	0.006	0.004333333	0.004333333	1.402666667	2.274676	1.614162667	0.423981333	0.16053	0.080937333	0.062737333	0.008464333	114.9	0.305568	0.584762	0.752157	8.02374	0.11738	16.10204	2.43	13.32	71.5	1.21	-94.955	-13.2407
GL98_DN	GL98	Alps	2.5	7.5	11.6	101	312.2	18	32.8	0	45.9352	6.922	1599	45.9375	6.9224	1525	4202	2934	265	74	315	36.91	0.53	69.24	8	73	20200807	20200807	0.078126444	0	0.080963747	2.487412058	0.233254368	3.05848901	0.087945179	81.14508833	NA	15829920.37	5.10E-05	NA	NA	NA	NA	NA	NA	NA	NA	NA	NA	NA	NA	NA	NA	NA	NA	NA	0.47148	0.69296	0.16677	1.53704	0.29138	2.36573	3.28	10.9	44.2	0.89	-106.627	-14.7552
GL98_UP	GL98	Alps	1.3	7.55	11.9	100.7	338.4	27.2	21.2	0	45.9352	6.922	1599	45.9357	6.9223	1591	4202	2934	64	8	315	36.91	0.54	68.59	8	73	20200807	20200807	0.045169	0	0.056185174	1.181973097	0.150071705	2.498583182	0.002040118	30.903245	NA	12162640.27	NA	3.389	2.510333333	1.033666667	2.065666667	1.022	0.006666667	0.005666667	0.004666667	1.207	1.3463	1.290179667	0.984976	0.090812333	0.062423333	0.045994333	0.016370333	172	0.41178	0.88569	0.21001	2.50267	0.19203	3.60154	3.41	12.93	67.35	0.57	-103.566	-14.3909
GL99_DN	GL99	Alps	0.6	7.11	11.1	99.6	264.3	28.8	33.5	0	45.8966	6.8846	2300	45.8982	6.8827	2205	3711	2797	238	95	315	0.94	0.37	2.54	NA	NA	20200807	20200807	0.048206889	0.134519	0.093453706	3.632206936	0.072947341	1.17203996	0.113979468	67.04745833	NA	10674416.69	NA	NA	NA	NA	NA	NA	NA	NA	NA	NA	NA	NA	NA	NA	NA	NA	NA	NA	0.96017	1.03203	0.33545	2.36948	0.26789	5.21035	2.39	16.78	169.83	0.85	-96.8988	-13.5391
GL99_UP	GL99	Alps	0	7.4	11.3	100.2	260	28.8	30.3	0	45.8966	6.8846	2300	45.8973	6.8842	2244	3711	2797	82	56	315	0.94	0.38	2.5	NA	NA	20200807	20200807	0.044533	0.017914	0.021554628	6.675578547	0.105163477	0.771581002	0.069259071	18.3843975	NA	11306929.27	3.91E-05	5.187666667	3.818333333	2.2075	2.177666667	1.169666667	0.007	0.006333333	0.006	1.105	1.072395	1.308366	0.548584333	0.020743333	0.021469	0.012896333	0.007834667	114.5	0.93602	1.015119	0.288956	2.202294	0.217	5.306045	1.93	9.78	167.46	0.92	-96.5081	-13.4723
